Ni Rho=8.902, Sig=0.nm, P=1., E=13000.eV
 Angle (deg), Reflectivity
   0.000000  1.00000
   2.000000E-02  0.989830
   4.000000E-02  0.979587
   6.000000E-02  0.969084
   8.000000E-02  0.958107
   0.100000  0.946394
   0.120000  0.933590
   0.140000  0.919188
   0.160000  0.902392
   0.180000  0.881844
   0.200000  0.854917
   0.220000  0.815535
   0.240000  0.744618
   0.260000  0.538976
   0.280000  0.227191
   0.300000  0.120316
   0.320000  7.424692E-02
   0.340000  4.980401E-02
   0.360000  3.526174E-02
   0.380000  2.594821E-02
   0.400000  1.966376E-02
   0.420000  1.525295E-02
   0.440000  1.205970E-02
   0.460000  9.688879E-03
   0.480000  7.891297E-03
   0.500000  6.503832E-03
   0.520000  5.416323E-03
   0.540000  4.552379E-03
   0.560000  3.857856E-03
   0.580000  3.293608E-03
   0.600000  2.830823E-03
   0.620000  2.447996E-03
   0.640000  2.128832E-03
   0.660000  1.860846E-03
   0.680000  1.634352E-03
   0.700000  1.441772E-03
   0.720000  1.277110E-03
   0.740000  1.135589E-03
   0.760000  1.013367E-03
   0.780000  9.073410E-04
   0.800000  8.149708E-04
   0.820000  7.341770E-04
   0.840000  6.632484E-04
   0.860000  6.007603E-04
   0.880000  5.455261E-04
   0.900000  4.965484E-04
   0.920000  4.529881E-04
   0.940000  4.141387E-04
   0.960000  3.793977E-04
   0.980000  3.482487E-04
   1.00000  3.202539E-04
   1.02000  2.950350E-04
   1.04000  2.722635E-04
   1.06000  2.516627E-04
   1.08000  2.329852E-04
   1.10000  2.160172E-04
   1.12000  2.005752E-04
   1.14000  1.864962E-04
   1.16000  1.736363E-04
   1.18000  1.618719E-04
   1.20000  1.510922E-04
   1.22000  1.411985E-04
   1.24000  1.321054E-04
   1.26000  1.237363E-04
   1.28000  1.160216E-04
   1.30000  1.089011E-04
   1.32000  1.023221E-04
   1.34000  9.623282E-05
   1.36000  9.059214E-05
   1.38000  8.536038E-05
   1.40000  8.050229E-05
   1.42000  7.598571E-05
   1.44000  7.178271E-05
   1.46000  6.786719E-05
   1.48000  6.421654E-05
   1.50000  6.080852E-05
   1.52000  5.762411E-05
   1.54000  5.464584E-05
   1.56000  5.185811E-05
   1.58000  4.924661E-05
   1.60000  4.679787E-05
   1.62000  4.449976E-05
   1.64000  4.234177E-05
   1.66000  4.031286E-05
   1.68000  3.840481E-05
   1.70000  3.660809E-05
   1.72000  3.491585E-05
   1.74000  3.332050E-05
   1.76000  3.181545E-05
   1.78000  3.039425E-05
   1.80000  2.905179E-05
   1.82000  2.778302E-05
   1.84000  2.658296E-05
   1.86000  2.544689E-05
   1.88000  2.437155E-05
   1.90000  2.335227E-05
   1.92000  2.238554E-05
   1.94000  2.146836E-05
   1.96000  2.059820E-05
   1.98000  1.977144E-05
   2.00000  1.898621E-05
   2.02000  1.823907E-05
   2.04000  1.752871E-05
   2.06000  1.685292E-05
   2.08000  1.620891E-05
   2.10000  1.559564E-05
   2.12000  1.501156E-05
   2.14000  1.445404E-05
   2.16000  1.392257E-05
   2.18000  1.341504E-05
   2.20000  1.293088E-05
   2.22000  1.246783E-05
   2.24000  1.202578E-05
   2.26000  1.160306E-05
   2.28000  1.119873E-05
   2.30000  1.081205E-05
   2.32000  1.044200E-05
   2.34000  1.008752E-05
   2.36000  9.747831E-06
   2.38000  9.422624E-06
   2.40000  9.110729E-06
   2.42000  8.811744E-06
   2.44000  8.524838E-06
   2.46000  8.249540E-06
   2.48000  7.985190E-06
   2.50000  7.731494E-06
   2.52000  7.487853E-06
   2.54000  7.253720E-06
   2.56000  7.028630E-06
   2.58000  6.812173E-06
   2.60000  6.604007E-06
   2.62000  6.404034E-06
   2.64000  6.211389E-06
   2.66000  6.025742E-06
   2.68000  5.847234E-06
   2.70000  5.675155E-06
   2.72000  5.509409E-06
   2.74000  5.349709E-06
   2.76000  5.195731E-06
   2.78000  5.047277E-06
   2.80000  4.903996E-06
   2.82000  4.765936E-06
   2.84000  4.632763E-06
   2.86000  4.503953E-06
   2.88000  4.379732E-06
   2.90000  4.259808E-06
   2.92000  4.143888E-06
   2.94000  4.031913E-06
   2.96000  3.923779E-06
   2.98000  3.819162E-06
   3.00000  3.718054E-06
   3.02000  3.620229E-06
   3.04000  3.525687E-06
   3.06000  3.434036E-06
   3.08000  3.345490E-06
   3.10000  3.259849E-06
   3.12000  3.176754E-06
   3.14000  3.096415E-06
   3.16000  3.018605E-06
   3.18000  2.943158E-06
   3.20000  2.870161E-06
   3.22000  2.799283E-06
   3.24000  2.730689E-06
   3.26000  2.664168E-06
   3.28000  2.599642E-06
   3.30000  2.537036E-06
   3.32000  2.476333E-06
   3.34000  2.417452E-06
   3.36000  2.360288E-06
   3.38000  2.304866E-06
   3.40000  2.250933E-06
   3.42000  2.198669E-06
   3.44000  2.147922E-06
   3.46000  2.098542E-06
   3.48000  2.050664E-06
   3.50000  2.004142E-06
   3.52000  1.958928E-06
   3.54000  1.914974E-06
   3.56000  1.872154E-06
   3.58000  1.830631E-06
   3.60000  1.790278E-06
   3.62000  1.751014E-06
   3.64000  1.712685E-06
   3.66000  1.675563E-06
   3.68000  1.639383E-06
   3.70000  1.604254E-06
   3.72000  1.570001E-06
   3.74000  1.536588E-06
   3.76000  1.504133E-06
   3.78000  1.472524E-06
   3.80000  1.441675E-06
   3.82000  1.411756E-06
   3.84000  1.382534E-06
   3.86000  1.354116E-06
   3.88000  1.326355E-06
   3.90000  1.299404E-06
   3.92000  1.272942E-06
   3.94000  1.247308E-06
   3.96000  1.222353E-06
   3.98000  1.197884E-06
   4.00000  1.174170E-06
   4.02000  1.150956E-06
   4.04000  1.128340E-06
   4.06000  1.106141E-06
   4.08000  1.084662E-06
   4.10000  1.063676E-06
   4.12000  1.043153E-06
   4.14000  1.023138E-06
   4.16000  1.003570E-06
   4.18000  9.845226E-07
   4.20000  9.658781E-07
   4.22000  9.477368E-07
   4.24000  9.299708E-07
   4.26000  9.126238E-07
   4.28000  8.956277E-07
   4.30000  8.791188E-07
   4.32000  8.629359E-07
   4.34000  8.471218E-07
   4.36000  8.316810E-07
   4.38000  8.166437E-07
   4.40000  8.018887E-07
   4.42000  7.874584E-07
   4.44000  7.733773E-07
   4.46000  7.596342E-07
   4.48000  7.461363E-07
   4.50000  7.329899E-07
   4.52000  7.201195E-07
   4.54000  7.074696E-07
   4.56000  6.951425E-07
   4.58000  6.830975E-07
   4.60000  6.712796E-07
   4.62000  6.597734E-07
   4.64000  6.485074E-07
   4.66000  6.373892E-07
   4.68000  6.265708E-07
   4.70000  6.159876E-07
   4.72000  6.056325E-07
   4.74000  5.954820E-07
   4.76000  5.855464E-07
   4.78000  5.758448E-07
   4.80000  5.663031E-07
   4.82000  5.569166E-07
   4.84000  5.478113E-07
   4.86000  5.388732E-07
   4.88000  5.301072E-07
   4.90000  5.215052E-07
   4.92000  5.130947E-07
   4.94000  5.048085E-07
   4.96000  4.967259E-07
   4.98000  4.888188E-07
   5.00000  4.810440E-07
   5.02000  4.734560E-07
   5.04000  4.659706E-07
   5.06000  4.586625E-07
   5.08000  4.515061E-07
   5.10000  4.444609E-07
   5.12000  4.375432E-07
   5.14000  4.308032E-07
   5.16000  4.241602E-07
   5.18000  4.176698E-07
   5.20000  4.113065E-07
   5.22000  4.050147E-07
   5.24000  3.989148E-07
   5.26000  3.928797E-07
   5.28000  3.869583E-07
   5.30000  3.811653E-07
   5.32000  3.754788E-07
   5.34000  3.698803E-07
   5.36000  3.644150E-07
   5.38000  3.590154E-07
   5.40000  3.537584E-07
   5.42000  3.485772E-07
   5.44000  3.434697E-07
   5.46000  3.384790E-07
   5.48000  3.336017E-07
   5.50000  3.287453E-07
   5.52000  3.240415E-07
   5.54000  3.193984E-07
   5.56000  3.148423E-07
   5.58000  3.103427E-07
   5.60000  3.059402E-07
   5.62000  3.016321E-07
   5.64000  2.973592E-07
   5.66000  2.932169E-07
   5.68000  2.891057E-07
   5.70000  2.850794E-07
   5.72000  2.810958E-07
   5.74000  2.772174E-07
   5.76000  2.734023E-07
   5.78000  2.696629E-07
   5.80000  2.659446E-07
   5.82000  2.623219E-07
   5.84000  2.587689E-07
   5.86000  2.552693E-07
   5.88000  2.518216E-07
   5.90000  2.484162E-07
   5.92000  2.450815E-07
   5.94000  2.418150E-07
   5.96000  2.386074E-07
   5.98000  2.354085E-07
   6.00000  2.323072E-07
   6.02000  2.292596E-07
   6.04000  2.262372E-07
   6.06000  2.232661E-07
   6.08000  2.203509E-07
   6.10000  2.174705E-07
   6.12000  2.146751E-07
   6.14000  2.118926E-07
   6.16000  2.091596E-07
   6.18000  2.064563E-07
   6.20000  2.038310E-07
   6.22000  2.012324E-07
   6.24000  1.986775E-07
   6.26000  1.961474E-07
   6.28000  1.936713E-07
   6.30000  1.912349E-07
   6.32000  1.888369E-07
   6.34000  1.864760E-07
   6.36000  1.841346E-07
   6.38000  1.818569E-07
   6.40000  1.795844E-07
   6.42000  1.773693E-07
   6.44000  1.751734E-07
   6.46000  1.730508E-07
   6.48000  1.709146E-07
   6.50000  1.688489E-07
   6.52000  1.667686E-07
   6.54000  1.647560E-07
   6.56000  1.627540E-07
   6.58000  1.607909E-07
   6.60000  1.588512E-07
   6.62000  1.569596E-07
   6.64000  1.550778E-07
   6.66000  1.532420E-07
   6.68000  1.514010E-07
   6.70000  1.496174E-07
   6.72000  1.478519E-07
   6.74000  1.461168E-07
   6.76000  1.443982E-07
   6.78000  1.427084E-07
   6.80000  1.410338E-07
   6.82000  1.394095E-07
   6.84000  1.377878E-07
   6.86000  1.361913E-07
   6.88000  1.346300E-07
   6.90000  1.330696E-07
   6.92000  1.315536E-07
   6.94000  1.300382E-07
   6.96000  1.285662E-07
   6.98000  1.270928E-07
   7.00000  1.256720E-07
   7.02000  1.242375E-07
   7.04000  1.228429E-07
   7.06000  1.214767E-07
   7.08000  1.201063E-07
   7.10000  1.187732E-07
   7.12000  1.174351E-07
   7.14000  1.161431E-07
   7.16000  1.148452E-07
   7.18000  1.135914E-07
   7.20000  1.123408E-07
   7.22000  1.110931E-07
   7.24000  1.098772E-07
   7.26000  1.086729E-07
   7.28000  1.074797E-07
   7.30000  1.063161E-07
   7.32000  1.051625E-07
   7.34000  1.040184E-07
   7.36000  1.029017E-07
   7.38000  1.018115E-07
   7.40000  1.007291E-07
   7.42000  9.965407E-08
   7.44000  9.858623E-08
   7.46000  9.754250E-08
   7.48000  9.648657E-08
   7.50000  9.548889E-08
   7.52000  9.446129E-08
   7.54000  9.349019E-08
   7.56000  9.250527E-08
   7.58000  9.152458E-08
   7.60000  9.056389E-08
   7.62000  8.962254E-08
   7.64000  8.869985E-08
   7.66000  8.777967E-08
   7.68000  8.687719E-08
   7.70000  8.599180E-08
   7.72000  8.509062E-08
   7.74000  8.423789E-08
   7.76000  8.336871E-08
   7.78000  8.253179E-08
   7.80000  8.169256E-08
   7.82000  8.086757E-08
   7.84000  8.004216E-08
   7.86000  7.924426E-08
   7.88000  7.844527E-08
   7.90000  7.764243E-08
   7.92000  7.688180E-08
   7.94000  7.611914E-08
   7.96000  7.535157E-08
   7.98000  7.460822E-08
   8.00000  7.386217E-08
   8.02000  7.312337E-08
   8.04000  7.242596E-08
   8.06000  7.171883E-08
   8.08000  7.098287E-08
   8.10000  7.029338E-08
   8.12000  6.961519E-08
   8.14000  6.892630E-08
   8.16000  6.827569E-08
   8.18000  6.761363E-08
   8.20000  6.696173E-08
   8.22000  6.631647E-08
   8.24000  6.567084E-08
   8.26000  6.504949E-08
   8.28000  6.442691E-08
   8.30000  6.380180E-08
   8.32000  6.320084E-08
   8.34000  6.260801E-08
   8.36000  6.200158E-08
   8.38000  6.142835E-08
   8.40000  6.084101E-08
   8.42000  6.027170E-08
   8.44000  5.971270E-08
   8.46000  5.913580E-08
   8.48000  5.860354E-08
   8.50000  5.805304E-08
   8.52000  5.751149E-08
   8.54000  5.698590E-08
   8.56000  5.644464E-08
   8.58000  5.593258E-08
   8.60000  5.542409E-08
   8.62000  5.491078E-08
   8.64000  5.440051E-08
   8.66000  5.390832E-08
   8.68000  5.341838E-08
   8.70000  5.293261E-08
   8.72000  5.245631E-08
   8.74000  5.197208E-08
   8.76000  5.149164E-08
   8.78000  5.102504E-08
   8.80000  5.057071E-08
   8.82000  5.012927E-08
   8.84000  4.967783E-08
   8.86000  4.922994E-08
   8.88000  4.880198E-08
   8.90000  4.835572E-08
   8.92000  4.792039E-08
   8.94000  4.749603E-08
   8.96000  4.709030E-08
   8.98000  4.666575E-08
   9.00000  4.627163E-08
   9.02000  4.584628E-08
   9.04000  4.545881E-08
   9.06000  4.505213E-08
   9.08000  4.466247E-08
   9.10000  4.428116E-08
   9.12000  4.388867E-08
   9.14000  4.350412E-08
   9.16000  4.313543E-08
   9.18000  4.277391E-08
   9.20000  4.240088E-08
   9.22000  4.203884E-08
   9.24000  4.166436E-08
   9.26000  4.132336E-08
   9.28000  4.096949E-08
   9.30000  4.061111E-08
   9.32000  4.027676E-08
   9.34000  3.993752E-08
   9.36000  3.959204E-08
   9.38000  3.926393E-08
   9.40000  3.893610E-08
   9.42000  3.859619E-08
   9.44000  3.828501E-08
   9.46000  3.796826E-08
   9.48000  3.763756E-08
   9.50000  3.733622E-08
   9.52000  3.702719E-08
   9.54000  3.671230E-08
   9.56000  3.640673E-08
   9.58000  3.610575E-08
   9.60000  3.581982E-08
   9.62000  3.552125E-08
   9.64000  3.523097E-08
   9.66000  3.493430E-08
   9.68000  3.465160E-08
   9.70000  3.437258E-08
   9.72000  3.409057E-08
   9.74000  3.381205E-08
   9.76000  3.354459E-08
   9.78000  3.327359E-08
   9.80000  3.300566E-08
   9.82000  3.273970E-08
   9.84000  3.247656E-08
   9.86000  3.221918E-08
   9.88000  3.196016E-08
   9.90000  3.169671E-08
   9.92000  3.145101E-08
   9.94000  3.120048E-08
   9.96000  3.094790E-08
   9.98000  3.069994E-08
   10.0000  3.045930E-08
