Ni Rho=8.902, Sig=0.nm, P=1., E=2000.eV
 Angle (deg), Reflectivity
   0.000000  1.00000
   2.000000E-02  0.995417
   4.000000E-02  0.990853
   6.000000E-02  0.986307
   8.000000E-02  0.981776
   0.100000  0.977259
   0.120000  0.972753
   0.140000  0.968257
   0.160000  0.963769
   0.180000  0.959288
   0.200000  0.954811
   0.220000  0.950337
   0.240000  0.945864
   0.260000  0.941390
   0.280000  0.936913
   0.300000  0.932432
   0.320000  0.927945
   0.340000  0.923450
   0.360000  0.918944
   0.380000  0.914427
   0.400000  0.909896
   0.420000  0.905349
   0.440000  0.900784
   0.460000  0.896199
   0.480000  0.891592
   0.500000  0.886961
   0.520000  0.882304
   0.540000  0.877617
   0.560000  0.872900
   0.580000  0.868149
   0.600000  0.863362
   0.620000  0.858536
   0.640000  0.853668
   0.660000  0.848756
   0.680000  0.843797
   0.700000  0.838787
   0.720000  0.833723
   0.740000  0.828602
   0.760000  0.823420
   0.780000  0.818173
   0.800000  0.812857
   0.820000  0.807468
   0.840000  0.802002
   0.860000  0.796454
   0.880000  0.790817
   0.900000  0.785089
   0.920000  0.779262
   0.940000  0.773330
   0.960000  0.767287
   0.980000  0.761125
   1.00000  0.754838
   1.02000  0.748418
   1.04000  0.741854
   1.06000  0.735139
   1.08000  0.728262
   1.10000  0.721211
   1.12000  0.713976
   1.14000  0.706542
   1.16000  0.698897
   1.18000  0.691024
   1.20000  0.682906
   1.22000  0.674526
   1.24000  0.665862
   1.26000  0.656893
   1.28000  0.647594
   1.30000  0.637939
   1.32000  0.627896
   1.34000  0.617434
   1.36000  0.606516
   1.38000  0.595102
   1.40000  0.583149
   1.42000  0.570607
   1.44000  0.557425
   1.46000  0.543547
   1.48000  0.528911
   1.50000  0.513457
   1.52000  0.497122
   1.54000  0.479849
   1.56000  0.461589
   1.58000  0.442316
   1.60000  0.422032
   1.62000  0.400788
   1.64000  0.378698
   1.66000  0.355955
   1.68000  0.332835
   1.70000  0.309686
   1.72000  0.286896
   1.74000  0.264848
   1.76000  0.243869
   1.78000  0.224204
   1.80000  0.205993
   1.82000  0.189290
   1.84000  0.174073
   1.86000  0.160272
   1.88000  0.147788
   1.90000  0.136507
   1.92000  0.126315
   1.94000  0.117100
   1.96000  0.108758
   1.98000  0.101194
   2.00000  9.432421E-02
   2.02000  8.807150E-02
   2.04000  8.236929E-02
   2.06000  7.715856E-02
   2.08000  7.238717E-02
   2.10000  6.800944E-02
   2.12000  6.398506E-02
   2.14000  6.027849E-02
   2.16000  5.685842E-02
   2.18000  5.369708E-02
   2.20000  5.077006E-02
   2.22000  4.805549E-02
   2.24000  4.553407E-02
   2.26000  4.318853E-02
   2.28000  4.100344E-02
   2.30000  3.896503E-02
   2.32000  3.706093E-02
   2.34000  3.528001E-02
   2.36000  3.361227E-02
   2.38000  3.204869E-02
   2.40000  3.058110E-02
   2.42000  2.920211E-02
   2.44000  2.790500E-02
   2.46000  2.668370E-02
   2.48000  2.553266E-02
   2.50000  2.444682E-02
   2.52000  2.342156E-02
   2.54000  2.245265E-02
   2.56000  2.153622E-02
   2.58000  2.066872E-02
   2.60000  1.984688E-02
   2.62000  1.906775E-02
   2.64000  1.832851E-02
   2.66000  1.762663E-02
   2.68000  1.695977E-02
   2.70000  1.632574E-02
   2.72000  1.572255E-02
   2.74000  1.514833E-02
   2.76000  1.460134E-02
   2.78000  1.407999E-02
   2.80000  1.358277E-02
   2.82000  1.310833E-02
   2.84000  1.265535E-02
   2.86000  1.222263E-02
   2.88000  1.180905E-02
   2.90000  1.141356E-02
   2.92000  1.103519E-02
   2.94000  1.067302E-02
   2.96000  1.032618E-02
   2.98000  9.993888E-03
   3.00000  9.675383E-03
   3.02000  9.369955E-03
   3.04000  9.076949E-03
   3.06000  8.795730E-03
   3.08000  8.525729E-03
   3.10000  8.266390E-03
   3.12000  8.017182E-03
   3.14000  7.777635E-03
   3.16000  7.547281E-03
   3.18000  7.325682E-03
   3.20000  7.112437E-03
   3.22000  6.907147E-03
   3.24000  6.709462E-03
   3.26000  6.519028E-03
   3.28000  6.335517E-03
   3.30000  6.158622E-03
   3.32000  5.988053E-03
   3.34000  5.823529E-03
   3.36000  5.664789E-03
   3.38000  5.511586E-03
   3.40000  5.363673E-03
   3.42000  5.220839E-03
   3.44000  5.082865E-03
   3.46000  4.949544E-03
   3.48000  4.820693E-03
   3.50000  4.696124E-03
   3.52000  4.575663E-03
   3.54000  4.459144E-03
   3.56000  4.346405E-03
   3.58000  4.237305E-03
   3.60000  4.131698E-03
   3.62000  4.029444E-03
   3.64000  3.930409E-03
   3.66000  3.834481E-03
   3.68000  3.741532E-03
   3.70000  3.651456E-03
   3.72000  3.564136E-03
   3.74000  3.479471E-03
   3.76000  3.397368E-03
   3.78000  3.317730E-03
   3.80000  3.240462E-03
   3.82000  3.165488E-03
   3.84000  3.092716E-03
   3.86000  3.022073E-03
   3.88000  2.953476E-03
   3.90000  2.886862E-03
   3.92000  2.822148E-03
   3.94000  2.759283E-03
   3.96000  2.698198E-03
   3.98000  2.638824E-03
   4.00000  2.581114E-03
   4.02000  2.525002E-03
   4.04000  2.470440E-03
   4.06000  2.417366E-03
   4.08000  2.365747E-03
   4.10000  2.315525E-03
   4.12000  2.266652E-03
   4.14000  2.219089E-03
   4.16000  2.172788E-03
   4.18000  2.127714E-03
   4.20000  2.083824E-03
   4.22000  2.041083E-03
   4.24000  1.999451E-03
   4.26000  1.958894E-03
   4.28000  1.919377E-03
   4.30000  1.880874E-03
   4.32000  1.843346E-03
   4.34000  1.806766E-03
   4.36000  1.771104E-03
   4.38000  1.736337E-03
   4.40000  1.702431E-03
   4.42000  1.669362E-03
   4.44000  1.637107E-03
   4.46000  1.605642E-03
   4.48000  1.574938E-03
   4.50000  1.544980E-03
   4.52000  1.515742E-03
   4.54000  1.487201E-03
   4.56000  1.459341E-03
   4.58000  1.432142E-03
   4.60000  1.405582E-03
   4.62000  1.379647E-03
   4.64000  1.354317E-03
   4.66000  1.329570E-03
   4.68000  1.305398E-03
   4.70000  1.281781E-03
   4.72000  1.258704E-03
   4.74000  1.236151E-03
   4.76000  1.214109E-03
   4.78000  1.192564E-03
   4.80000  1.171501E-03
   4.82000  1.150905E-03
   4.84000  1.130770E-03
   4.86000  1.111080E-03
   4.88000  1.091821E-03
   4.90000  1.072984E-03
   4.92000  1.054557E-03
   4.94000  1.036528E-03
   4.96000  1.018890E-03
   4.98000  1.001631E-03
   5.00000  9.847394E-04
   5.02000  9.682091E-04
   5.04000  9.520268E-04
   5.06000  9.361870E-04
   5.08000  9.206801E-04
   5.10000  9.054958E-04
   5.12000  8.906272E-04
   5.14000  8.760684E-04
   5.16000  8.618081E-04
   5.18000  8.478418E-04
   5.20000  8.341611E-04
   5.22000  8.207564E-04
   5.24000  8.076266E-04
   5.26000  7.947594E-04
   5.28000  7.821505E-04
   5.30000  7.697947E-04
   5.32000  7.576848E-04
   5.34000  7.458142E-04
   5.36000  7.341793E-04
   5.38000  7.227715E-04
   5.40000  7.115891E-04
   5.42000  7.006239E-04
   5.44000  6.898707E-04
   5.46000  6.793265E-04
   5.48000  6.689864E-04
   5.50000  6.588416E-04
   5.52000  6.488934E-04
   5.54000  6.391335E-04
   5.56000  6.295588E-04
   5.58000  6.201636E-04
   5.60000  6.109457E-04
   5.62000  6.019012E-04
   5.64000  5.930236E-04
   5.66000  5.843132E-04
   5.68000  5.757624E-04
   5.70000  5.673695E-04
   5.72000  5.591295E-04
   5.74000  5.510419E-04
   5.76000  5.431014E-04
   5.78000  5.353054E-04
   5.80000  5.276485E-04
   5.82000  5.201309E-04
   5.84000  5.127484E-04
   5.86000  5.054976E-04
   5.88000  4.983756E-04
   5.90000  4.913791E-04
   5.92000  4.845068E-04
   5.94000  4.777563E-04
   5.96000  4.711242E-04
   5.98000  4.646061E-04
   6.00000  4.582035E-04
   6.02000  4.519119E-04
   6.04000  4.457282E-04
   6.06000  4.396508E-04
   6.08000  4.336782E-04
   6.10000  4.278071E-04
   6.12000  4.220378E-04
   6.14000  4.163648E-04
   6.16000  4.107881E-04
   6.18000  4.053047E-04
   6.20000  3.999150E-04
   6.22000  3.946148E-04
   6.24000  3.894031E-04
   6.26000  3.842773E-04
   6.28000  3.792370E-04
   6.30000  3.742799E-04
   6.32000  3.694043E-04
   6.34000  3.646087E-04
   6.36000  3.598906E-04
   6.38000  3.552505E-04
   6.40000  3.506843E-04
   6.42000  3.461929E-04
   6.44000  3.417732E-04
   6.46000  3.374263E-04
   6.48000  3.331469E-04
   6.50000  3.289374E-04
   6.52000  3.247929E-04
   6.54000  3.207156E-04
   6.56000  3.167017E-04
   6.58000  3.127515E-04
   6.60000  3.088630E-04
   6.62000  3.050361E-04
   6.64000  3.012681E-04
   6.66000  2.975593E-04
   6.68000  2.939066E-04
   6.70000  2.903116E-04
   6.72000  2.867715E-04
   6.74000  2.832859E-04
   6.76000  2.798532E-04
   6.78000  2.764730E-04
   6.80000  2.731437E-04
   6.82000  2.698660E-04
   6.84000  2.666368E-04
   6.86000  2.634563E-04
   6.88000  2.603240E-04
   6.90000  2.572376E-04
   6.92000  2.541981E-04
   6.94000  2.512030E-04
   6.96000  2.482531E-04
   6.98000  2.453459E-04
   7.00000  2.424828E-04
   7.02000  2.396603E-04
   7.04000  2.368799E-04
   7.06000  2.341405E-04
   7.08000  2.314400E-04
   7.10000  2.287793E-04
   7.12000  2.261561E-04
   7.14000  2.235719E-04
   7.16000  2.210239E-04
   7.18000  2.185134E-04
   7.20000  2.160383E-04
   7.22000  2.135977E-04
   7.24000  2.111925E-04
   7.26000  2.088210E-04
   7.28000  2.064828E-04
   7.30000  2.041782E-04
   7.32000  2.019056E-04
   7.34000  1.996645E-04
   7.36000  1.974553E-04
   7.38000  1.952773E-04
   7.40000  1.931291E-04
   7.42000  1.910104E-04
   7.44000  1.889206E-04
   7.46000  1.868600E-04
   7.48000  1.848265E-04
   7.50000  1.828228E-04
   7.52000  1.808445E-04
   7.54000  1.788949E-04
   7.56000  1.769707E-04
   7.58000  1.750721E-04
   7.60000  1.731994E-04
   7.62000  1.713522E-04
   7.64000  1.695301E-04
   7.66000  1.677319E-04
   7.68000  1.659579E-04
   7.70000  1.642078E-04
   7.72000  1.624797E-04
   7.74000  1.607760E-04
   7.76000  1.590936E-04
   7.78000  1.574343E-04
   7.80000  1.557962E-04
   7.82000  1.541797E-04
   7.84000  1.525837E-04
   7.86000  1.510093E-04
   7.88000  1.494548E-04
   7.90000  1.479199E-04
   7.92000  1.464062E-04
   7.94000  1.449114E-04
   7.96000  1.434352E-04
   7.98000  1.419785E-04
   8.00000  1.405400E-04
   8.02000  1.391197E-04
   8.04000  1.377187E-04
   8.06000  1.363348E-04
   8.08000  1.349667E-04
   8.10000  1.336175E-04
   8.12000  1.322854E-04
   8.14000  1.309692E-04
   8.16000  1.296707E-04
   8.18000  1.283876E-04
   8.20000  1.271205E-04
   8.22000  1.258690E-04
   8.24000  1.246328E-04
   8.26000  1.234125E-04
   8.28000  1.222069E-04
   8.30000  1.210156E-04
   8.32000  1.198397E-04
   8.34000  1.186782E-04
   8.36000  1.175299E-04
   8.38000  1.163967E-04
   8.40000  1.152764E-04
   8.42000  1.141701E-04
   8.44000  1.130773E-04
   8.46000  1.119966E-04
   8.48000  1.109306E-04
   8.50000  1.098762E-04
   8.52000  1.088346E-04
   8.54000  1.078058E-04
   8.56000  1.067883E-04
   8.58000  1.057838E-04
   8.60000  1.047911E-04
   8.62000  1.038097E-04
   8.64000  1.028397E-04
   8.66000  1.018816E-04
   8.68000  1.009347E-04
   8.70000  9.999869E-05
   8.72000  9.907378E-05
   8.74000  9.815910E-05
   8.76000  9.725492E-05
   8.78000  9.636160E-05
   8.80000  9.547887E-05
   8.82000  9.460669E-05
   8.84000  9.374385E-05
   8.86000  9.289088E-05
   8.88000  9.204828E-05
   8.90000  9.121434E-05
   8.92000  9.039011E-05
   8.94000  8.957554E-05
   8.96000  8.877078E-05
   8.98000  8.797415E-05
   9.00000  8.718757E-05
   9.02000  8.640836E-05
   9.04000  8.563929E-05
   9.06000  8.487785E-05
   9.08000  8.412544E-05
   9.10000  8.338163E-05
   9.12000  8.264541E-05
   9.14000  8.191754E-05
   9.16000  8.119821E-05
   9.18000  8.048699E-05
   9.20000  7.978293E-05
   9.22000  7.908690E-05
   9.24000  7.839785E-05
   9.26000  7.771757E-05
   9.28000  7.704405E-05
   9.30000  7.637749E-05
   9.32000  7.571906E-05
   9.34000  7.506741E-05
   9.36000  7.442242E-05
   9.38000  7.378493E-05
   9.40000  7.315423E-05
   9.42000  7.252961E-05
   9.44000  7.191280E-05
   9.46000  7.130220E-05
   9.48000  7.069740E-05
   9.50000  7.010013E-05
   9.52000  6.950878E-05
   9.54000  6.892331E-05
   9.56000  6.834431E-05
   9.58000  6.777146E-05
   9.60000  6.720519E-05
   9.62000  6.664419E-05
   9.64000  6.608932E-05
   9.66000  6.553985E-05
   9.68000  6.499661E-05
   9.70000  6.445905E-05
   9.72000  6.392686E-05
   9.74000  6.340020E-05
   9.76000  6.287935E-05
   9.78000  6.236364E-05
   9.80000  6.185325E-05
   9.82000  6.134811E-05
   9.84000  6.084814E-05
   9.86000  6.035345E-05
   9.88000  5.986363E-05
   9.90000  5.937853E-05
   9.92000  5.889900E-05
   9.94000  5.842405E-05
   9.96000  5.795372E-05
   9.98000  5.748825E-05
   10.0000  5.702767E-05
