Ni Rho=8.902, Sig=0.nm, P=1., E=6000.eV
 Angle (deg), Reflectivity
   0.000000  1.00000
   2.000000E-02  0.997615
   4.000000E-02  0.995226
   6.000000E-02  0.992825
   8.000000E-02  0.990401
   0.100000  0.987944
   0.120000  0.985443
   0.140000  0.982888
   0.160000  0.980264
   0.180000  0.977556
   0.200000  0.974749
   0.220000  0.971822
   0.240000  0.968753
   0.260000  0.965513
   0.280000  0.962068
   0.300000  0.958376
   0.320000  0.954384
   0.340000  0.950022
   0.360000  0.945196
   0.380000  0.939782
   0.400000  0.933600
   0.420000  0.926385
   0.440000  0.917730
   0.460000  0.906954
   0.480000  0.892818
   0.500000  0.872747
   0.520000  0.840118
   0.540000  0.769747
   0.560000  0.527542
   0.580000  0.302587
   0.600000  0.203430
   0.620000  0.148287
   0.640000  0.113337
   0.660000  8.943319E-02
   0.680000  7.223836E-02
   0.700000  5.941311E-02
   0.720000  4.957942E-02
   0.740000  4.187301E-02
   0.760000  3.572514E-02
   0.780000  3.074711E-02
   0.800000  2.666493E-02
   0.820000  2.328055E-02
   0.840000  2.044778E-02
   0.860000  1.805655E-02
   0.880000  1.602277E-02
   0.900000  1.428123E-02
   0.920000  1.278075E-02
   0.940000  1.148073E-02
   0.960000  1.034862E-02
   0.980000  9.358061E-03
   1.00000  8.487590E-03
   1.02000  7.719562E-03
   1.04000  7.039360E-03
   1.06000  6.434852E-03
   1.08000  5.895839E-03
   1.10000  5.413737E-03
   1.12000  4.981302E-03
   1.14000  4.592354E-03
   1.16000  4.241610E-03
   1.18000  3.924552E-03
   1.20000  3.637281E-03
   1.22000  3.376417E-03
   1.24000  3.139046E-03
   1.26000  2.922620E-03
   1.28000  2.724909E-03
   1.30000  2.543969E-03
   1.32000  2.378097E-03
   1.34000  2.225770E-03
   1.36000  2.085668E-03
   1.38000  1.956611E-03
   1.40000  1.837554E-03
   1.42000  1.727561E-03
   1.44000  1.625809E-03
   1.46000  1.531554E-03
   1.48000  1.444137E-03
   1.50000  1.362958E-03
   1.52000  1.287484E-03
   1.54000  1.217234E-03
   1.56000  1.151775E-03
   1.58000  1.090715E-03
   1.60000  1.033701E-03
   1.62000  9.804083E-04
   1.64000  9.305500E-04
   1.66000  8.838563E-04
   1.68000  8.400908E-04
   1.70000  7.990288E-04
   1.72000  7.604745E-04
   1.74000  7.242424E-04
   1.76000  6.901654E-04
   1.78000  6.580878E-04
   1.80000  6.278715E-04
   1.82000  5.993876E-04
   1.84000  5.725164E-04
   1.86000  5.471471E-04
   1.88000  5.231831E-04
   1.90000  5.005272E-04
   1.92000  4.790940E-04
   1.94000  4.588054E-04
   1.96000  4.395905E-04
   1.98000  4.213778E-04
   2.00000  4.041080E-04
   2.02000  3.877183E-04
   2.04000  3.721591E-04
   2.06000  3.573798E-04
   2.08000  3.433299E-04
   2.10000  3.299697E-04
   2.12000  3.172597E-04
   2.14000  3.051576E-04
   2.16000  2.936327E-04
   2.18000  2.826490E-04
   2.20000  2.721795E-04
   2.22000  2.621909E-04
   2.24000  2.526612E-04
   2.26000  2.435629E-04
   2.28000  2.348727E-04
   2.30000  2.265698E-04
   2.32000  2.186331E-04
   2.34000  2.110423E-04
   2.36000  2.037794E-04
   2.38000  1.968293E-04
   2.40000  1.901739E-04
   2.42000  1.837996E-04
   2.44000  1.776910E-04
   2.46000  1.718356E-04
   2.48000  1.662202E-04
   2.50000  1.608343E-04
   2.52000  1.556660E-04
   2.54000  1.507047E-04
   2.56000  1.459402E-04
   2.58000  1.413633E-04
   2.60000  1.369653E-04
   2.62000  1.327392E-04
   2.64000  1.286748E-04
   2.66000  1.247646E-04
   2.68000  1.210036E-04
   2.70000  1.173832E-04
   2.72000  1.138981E-04
   2.74000  1.105421E-04
   2.76000  1.073092E-04
   2.78000  1.041942E-04
   2.80000  1.011915E-04
   2.82000  9.829739E-05
   2.84000  9.550673E-05
   2.86000  9.281362E-05
   2.88000  9.021580E-05
   2.90000  8.770878E-05
   2.92000  8.528826E-05
   2.94000  8.295111E-05
   2.96000  8.069412E-05
   2.98000  7.851330E-05
   3.00000  7.640614E-05
   3.02000  7.436927E-05
   3.04000  7.240046E-05
   3.06000  7.049581E-05
   3.08000  6.865427E-05
   3.10000  6.687299E-05
   3.12000  6.514850E-05
   3.14000  6.348001E-05
   3.16000  6.186480E-05
   3.18000  6.030050E-05
   3.20000  5.878599E-05
   3.22000  5.731828E-05
   3.24000  5.589675E-05
   3.26000  5.451910E-05
   3.28000  5.318368E-05
   3.30000  5.188893E-05
   3.32000  5.063360E-05
   3.34000  4.941619E-05
   3.36000  4.823518E-05
   3.38000  4.708963E-05
   3.40000  4.597740E-05
   3.42000  4.489837E-05
   3.44000  4.385095E-05
   3.46000  4.283358E-05
   3.48000  4.184604E-05
   3.50000  4.088689E-05
   3.52000  3.995511E-05
   3.54000  3.904978E-05
   3.56000  3.816959E-05
   3.58000  3.731462E-05
   3.60000  3.648365E-05
   3.62000  3.567565E-05
   3.64000  3.488936E-05
   3.66000  3.412542E-05
   3.68000  3.338205E-05
   3.70000  3.265925E-05
   3.72000  3.195567E-05
   3.74000  3.127068E-05
   3.76000  3.060433E-05
   3.78000  2.995566E-05
   3.80000  2.932383E-05
   3.82000  2.870918E-05
   3.84000  2.811026E-05
   3.86000  2.752715E-05
   3.88000  2.695881E-05
   3.90000  2.640557E-05
   3.92000  2.586560E-05
   3.94000  2.534012E-05
   3.96000  2.482812E-05
   3.98000  2.432841E-05
   4.00000  2.384189E-05
   4.02000  2.336714E-05
   4.04000  2.290429E-05
   4.06000  2.245226E-05
   4.08000  2.201215E-05
   4.10000  2.158268E-05
   4.12000  2.116348E-05
   4.14000  2.075450E-05
   4.16000  2.035523E-05
   4.18000  1.996579E-05
   4.20000  1.958544E-05
   4.22000  1.921441E-05
   4.24000  1.885192E-05
   4.26000  1.849798E-05
   4.28000  1.815210E-05
   4.30000  1.781471E-05
   4.32000  1.748490E-05
   4.34000  1.716270E-05
   4.36000  1.684795E-05
   4.38000  1.654065E-05
   4.40000  1.624009E-05
   4.42000  1.594631E-05
   4.44000  1.565927E-05
   4.46000  1.537880E-05
   4.48000  1.510432E-05
   4.50000  1.483619E-05
   4.52000  1.457395E-05
   4.54000  1.431721E-05
   4.56000  1.406632E-05
   4.58000  1.382099E-05
   4.60000  1.358085E-05
   4.62000  1.334616E-05
   4.64000  1.311652E-05
   4.66000  1.289139E-05
   4.68000  1.267136E-05
   4.70000  1.245605E-05
   4.72000  1.224533E-05
   4.74000  1.203900E-05
   4.76000  1.183703E-05
   4.78000  1.163940E-05
   4.80000  1.144571E-05
   4.82000  1.125586E-05
   4.84000  1.107033E-05
   4.86000  1.088853E-05
   4.88000  1.071042E-05
   4.90000  1.053588E-05
   4.92000  1.036497E-05
   4.94000  1.019731E-05
   4.96000  1.003321E-05
   4.98000  9.872472E-06
   5.00000  9.714836E-06
   5.02000  9.560488E-06
   5.04000  9.408991E-06
   5.06000  9.260624E-06
   5.08000  9.115218E-06
   5.10000  8.972536E-06
   5.12000  8.832599E-06
   5.14000  8.695583E-06
   5.16000  8.561074E-06
   5.18000  8.429275E-06
   5.20000  8.300023E-06
   5.22000  8.173023E-06
   5.24000  8.048774E-06
   5.26000  7.926659E-06
   5.28000  7.806855E-06
   5.30000  7.689391E-06
   5.32000  7.574125E-06
   5.34000  7.460937E-06
   5.36000  7.349992E-06
   5.38000  7.240947E-06
   5.40000  7.134117E-06
   5.42000  7.029165E-06
   5.44000  6.926046E-06
   5.46000  6.824922E-06
   5.48000  6.725745E-06
   5.50000  6.628068E-06
   5.52000  6.532451E-06
   5.54000  6.438453E-06
   5.56000  6.346162E-06
   5.58000  6.255413E-06
   5.60000  6.166360E-06
   5.62000  6.078964E-06
   5.64000  5.992935E-06
   5.66000  5.908673E-06
   5.68000  5.825708E-06
   5.70000  5.744255E-06
   5.72000  5.664102E-06
   5.74000  5.585508E-06
   5.76000  5.508261E-06
   5.78000  5.432393E-06
   5.80000  5.357639E-06
   5.82000  5.284312E-06
   5.84000  5.212275E-06
   5.86000  5.141435E-06
   5.88000  5.071766E-06
   5.90000  5.003204E-06
   5.92000  4.935860E-06
   5.94000  4.869705E-06
   5.96000  4.804677E-06
   5.98000  4.740536E-06
   6.00000  4.677661E-06
   6.02000  4.615842E-06
   6.04000  4.554932E-06
   6.06000  4.495033E-06
   6.08000  4.436151E-06
   6.10000  4.378176E-06
   6.12000  4.321318E-06
   6.14000  4.265239E-06
   6.16000  4.210090E-06
   6.18000  4.155768E-06
   6.20000  4.102475E-06
   6.22000  4.049971E-06
   6.24000  3.998316E-06
   6.26000  3.947414E-06
   6.28000  3.897384E-06
   6.30000  3.848149E-06
   6.32000  3.799692E-06
   6.34000  3.751996E-06
   6.36000  3.704971E-06
   6.38000  3.658803E-06
   6.40000  3.613219E-06
   6.42000  3.568444E-06
   6.44000  3.524295E-06
   6.46000  3.481007E-06
   6.48000  3.438177E-06
   6.50000  3.396175E-06
   6.52000  3.354608E-06
   6.54000  3.313839E-06
   6.56000  3.273600E-06
   6.58000  3.234010E-06
   6.60000  3.194991E-06
   6.62000  3.156645E-06
   6.64000  3.118792E-06
   6.66000  3.081587E-06
   6.68000  3.044792E-06
   6.70000  3.008679E-06
   6.72000  2.973066E-06
   6.74000  2.937999E-06
   6.76000  2.903410E-06
   6.78000  2.869345E-06
   6.80000  2.835737E-06
   6.82000  2.802738E-06
   6.84000  2.770125E-06
   6.86000  2.737995E-06
   6.88000  2.706385E-06
   6.90000  2.675134E-06
   6.92000  2.644432E-06
   6.94000  2.614078E-06
   6.96000  2.584256E-06
   6.98000  2.554759E-06
   7.00000  2.525826E-06
   7.02000  2.497152E-06
   7.04000  2.468971E-06
   7.06000  2.441229E-06
   7.08000  2.413772E-06
   7.10000  2.386783E-06
   7.12000  2.360065E-06
   7.14000  2.333844E-06
   7.16000  2.307881E-06
   7.18000  2.282396E-06
   7.20000  2.257201E-06
   7.22000  2.232289E-06
   7.24000  2.207786E-06
   7.26000  2.183597E-06
   7.28000  2.159716E-06
   7.30000  2.136220E-06
   7.32000  2.113019E-06
   7.34000  2.090105E-06
   7.36000  2.067556E-06
   7.38000  2.045362E-06
   7.40000  2.023437E-06
   7.42000  2.001774E-06
   7.44000  1.980369E-06
   7.46000  1.959295E-06
   7.48000  1.938385E-06
   7.50000  1.917952E-06
   7.52000  1.897595E-06
   7.54000  1.877701E-06
   7.56000  1.857950E-06
   7.58000  1.838419E-06
   7.60000  1.819177E-06
   7.62000  1.800217E-06
   7.64000  1.781534E-06
   7.66000  1.763050E-06
   7.68000  1.744833E-06
   7.70000  1.726876E-06
   7.72000  1.709029E-06
   7.74000  1.691577E-06
   7.76000  1.674227E-06
   7.78000  1.657194E-06
   7.80000  1.640320E-06
   7.82000  1.623677E-06
   7.84000  1.607197E-06
   7.86000  1.591003E-06
   7.88000  1.574963E-06
   7.90000  1.559063E-06
   7.92000  1.543508E-06
   7.94000  1.528096E-06
   7.96000  1.512812E-06
   7.98000  1.497785E-06
   8.00000  1.482891E-06
   8.02000  1.468174E-06
   8.04000  1.453783E-06
   8.06000  1.439489E-06
   8.08000  1.425202E-06
   8.10000  1.411259E-06
   8.12000  1.397500E-06
   8.14000  1.383824E-06
   8.16000  1.370449E-06
   8.18000  1.357151E-06
   8.20000  1.344023E-06
   8.22000  1.331049E-06
   8.24000  1.318196E-06
   8.26000  1.305571E-06
   8.28000  1.293060E-06
   8.30000  1.280653E-06
   8.32000  1.268471E-06
   8.34000  1.256437E-06
   8.36000  1.244455E-06
   8.38000  1.232732E-06
   8.40000  1.221054E-06
   8.42000  1.209564E-06
   8.44000  1.198227E-06
   8.46000  1.186912E-06
   8.48000  1.175901E-06
   8.50000  1.164908E-06
   8.52000  1.154056E-06
   8.54000  1.143374E-06
   8.56000  1.132718E-06
   8.58000  1.122288E-06
   8.60000  1.111970E-06
   8.62000  1.101722E-06
   8.64000  1.091580E-06
   8.66000  1.081609E-06
   8.68000  1.071737E-06
   8.70000  1.061972E-06
   8.72000  1.052336E-06
   8.74000  1.042750E-06
   8.76000  1.033265E-06
   8.78000  1.023926E-06
   8.80000  1.014723E-06
   8.82000  1.005660E-06
   8.84000  9.966313E-07
   8.86000  9.876976E-07
   8.88000  9.789308E-07
   8.90000  9.701587E-07
   8.92000  9.615110E-07
   8.94000  9.529874E-07
   8.96000  9.446208E-07
   8.98000  9.362425E-07
   9.00000  9.280722E-07
   9.02000  9.198328E-07
   9.04000  9.118328E-07
   9.06000  9.038157E-07
   9.08000  8.959427E-07
   9.10000  8.881744E-07
   9.12000  8.804219E-07
   9.14000  8.727706E-07
   9.16000  8.652546E-07
   9.18000  8.578347E-07
   9.20000  8.504256E-07
   9.22000  8.431277E-07
   9.24000  8.358355E-07
   9.26000  8.287536E-07
   9.28000  8.216738E-07
   9.30000  8.146324E-07
   9.32000  8.077570E-07
   9.34000  8.009168E-07
   9.36000  7.941055E-07
   9.38000  7.874276E-07
   9.40000  7.808064E-07
   9.42000  7.741852E-07
   9.44000  7.677469E-07
   9.46000  7.613365E-07
   9.48000  7.549161E-07
   9.50000  7.486790E-07
   9.52000  7.424587E-07
   9.54000  7.362623E-07
   9.56000  7.301579E-07
   9.58000  7.241229E-07
   9.60000  7.182043E-07
   9.62000  7.122767E-07
   9.64000  7.064339E-07
   9.66000  7.006090E-07
   9.68000  6.948933E-07
   9.70000  6.892395E-07
   9.72000  6.836176E-07
   9.74000  6.780556E-07
   9.76000  6.725873E-07
   9.78000  6.671468E-07
   9.80000  6.617626E-07
   9.82000  6.564301E-07
   9.84000  6.511517E-07
   9.86000  6.459408E-07
   9.88000  6.407632E-07
   9.90000  6.356063E-07
   9.92000  6.305687E-07
   9.94000  6.255490E-07
   9.96000  6.205590E-07
   9.98000  6.156283E-07
   10.0000  6.107682E-07
