Ni Rho=8.902, Sig=0.nm, P=1., E=14000.eV
 Angle (deg), Reflectivity
   0.000000  1.00000
   2.000000E-02  0.990390
   4.000000E-02  0.980678
   6.000000E-02  0.970657
   8.000000E-02  0.960081
   0.100000  0.948636
   0.120000  0.935878
   0.140000  0.921124
   0.160000  0.903219
   0.180000  0.879944
   0.200000  0.846206
   0.220000  0.786057
   0.240000  0.602345
   0.260000  0.232512
   0.280000  0.116996
   0.300000  7.022946E-02
   0.320000  4.620608E-02
   0.340000  3.222573E-02
   0.360000  2.342294E-02
   0.380000  1.756497E-02
   0.400000  1.350158E-02
   0.420000  1.058969E-02
   0.440000  8.447169E-03
   0.460000  6.835730E-03
   0.480000  5.600947E-03
   0.500000  4.639496E-03
   0.520000  3.880329E-03
   0.540000  3.273434E-03
   0.560000  2.782915E-03
   0.580000  2.382537E-03
   0.600000  2.052810E-03
   0.620000  1.779068E-03
   0.640000  1.550121E-03
   0.660000  1.357340E-03
   0.680000  1.193991E-03
   0.700000  1.054785E-03
   0.720000  9.355122E-04
   0.740000  8.328108E-04
   0.760000  7.439635E-04
   0.780000  6.667702E-04
   0.800000  5.994235E-04
   0.820000  5.404400E-04
   0.840000  4.885967E-04
   0.860000  4.428721E-04
   0.880000  4.024142E-04
   0.900000  3.665050E-04
   0.920000  3.345393E-04
   0.940000  3.060074E-04
   0.960000  2.804734E-04
   0.980000  2.575630E-04
   1.00000  2.369589E-04
   1.02000  2.183863E-04
   1.04000  2.016060E-04
   1.06000  1.864172E-04
   1.08000  1.726393E-04
   1.10000  1.601162E-04
   1.12000  1.487142E-04
   1.14000  1.383141E-04
   1.16000  1.288105E-04
   1.18000  1.201132E-04
   1.20000  1.121411E-04
   1.22000  1.048214E-04
   1.24000  9.809195E-05
   1.26000  9.189641E-05
   1.28000  8.618349E-05
   1.30000  8.090906E-05
   1.32000  7.603458E-05
   1.34000  7.152157E-05
   1.36000  6.734010E-05
   1.38000  6.346087E-05
   1.40000  5.985789E-05
   1.42000  5.650742E-05
   1.44000  5.338895E-05
   1.46000  5.048320E-05
   1.48000  4.777358E-05
   1.50000  4.524354E-05
   1.52000  4.287907E-05
   1.54000  4.066727E-05
   1.56000  3.859665E-05
   1.58000  3.665665E-05
   1.60000  3.483729E-05
   1.62000  3.312959E-05
   1.64000  3.152584E-05
   1.66000  3.001775E-05
   1.68000  2.859938E-05
   1.70000  2.726353E-05
   1.72000  2.600527E-05
   1.74000  2.481892E-05
   1.76000  2.369958E-05
   1.78000  2.264245E-05
   1.80000  2.164381E-05
   1.82000  2.069991E-05
   1.84000  1.980705E-05
   1.86000  1.896169E-05
   1.88000  1.816152E-05
   1.90000  1.740296E-05
   1.92000  1.668341E-05
   1.94000  1.600068E-05
   1.96000  1.535295E-05
   1.98000  1.473745E-05
   2.00000  1.415287E-05
   2.02000  1.359653E-05
   2.04000  1.306758E-05
   2.06000  1.256436E-05
   2.08000  1.208473E-05
   2.10000  1.162797E-05
   2.12000  1.119298E-05
   2.14000  1.077768E-05
   2.16000  1.038180E-05
   2.18000  1.000370E-05
   2.20000  9.643033E-06
   2.22000  9.298014E-06
   2.24000  8.968665E-06
   2.26000  8.653696E-06
   2.28000  8.352400E-06
   2.30000  8.064271E-06
   2.32000  7.788517E-06
   2.34000  7.524345E-06
   2.36000  7.271162E-06
   2.38000  7.028798E-06
   2.40000  6.796325E-06
   2.42000  6.573476E-06
   2.44000  6.359610E-06
   2.46000  6.154389E-06
   2.48000  5.957312E-06
   2.50000  5.768187E-06
   2.52000  5.586555E-06
   2.54000  5.412003E-06
   2.56000  5.244181E-06
   2.58000  5.082783E-06
   2.60000  4.927566E-06
   2.62000  4.778487E-06
   2.64000  4.634842E-06
   2.66000  4.496387E-06
   2.68000  4.363282E-06
   2.70000  4.234950E-06
   2.72000  4.111342E-06
   2.74000  3.992244E-06
   2.76000  3.877406E-06
   2.78000  3.766687E-06
   2.80000  3.659811E-06
   2.82000  3.556847E-06
   2.84000  3.457532E-06
   2.86000  3.361437E-06
   2.88000  3.268779E-06
   2.90000  3.179330E-06
   2.92000  3.092854E-06
   2.94000  3.009324E-06
   2.96000  2.928666E-06
   2.98000  2.850619E-06
   3.00000  2.775194E-06
   3.02000  2.702211E-06
   3.04000  2.631685E-06
   3.06000  2.563292E-06
   3.08000  2.497233E-06
   3.10000  2.433348E-06
   3.12000  2.371339E-06
   3.14000  2.311401E-06
   3.16000  2.253348E-06
   3.18000  2.197049E-06
   3.20000  2.142590E-06
   3.22000  2.089695E-06
   3.24000  2.038516E-06
   3.26000  1.988881E-06
   3.28000  1.940731E-06
   3.30000  1.894010E-06
   3.32000  1.848712E-06
   3.34000  1.804775E-06
   3.36000  1.762115E-06
   3.38000  1.720762E-06
   3.40000  1.680503E-06
   3.42000  1.641503E-06
   3.44000  1.603633E-06
   3.46000  1.566773E-06
   3.48000  1.531045E-06
   3.50000  1.496327E-06
   3.52000  1.462584E-06
   3.54000  1.429780E-06
   3.56000  1.397811E-06
   3.58000  1.366823E-06
   3.60000  1.336709E-06
   3.62000  1.307406E-06
   3.64000  1.278785E-06
   3.66000  1.251084E-06
   3.68000  1.224077E-06
   3.70000  1.197865E-06
   3.72000  1.172298E-06
   3.74000  1.147350E-06
   3.76000  1.123126E-06
   3.78000  1.099532E-06
   3.80000  1.076496E-06
   3.82000  1.054171E-06
   3.84000  1.032356E-06
   3.86000  1.011147E-06
   3.88000  9.904194E-07
   3.90000  9.703086E-07
   3.92000  9.505394E-07
   3.94000  9.314074E-07
   3.96000  9.127864E-07
   3.98000  8.945115E-07
   4.00000  8.768174E-07
   4.02000  8.594865E-07
   4.04000  8.426042E-07
   4.06000  8.260175E-07
   4.08000  8.099896E-07
   4.10000  7.943255E-07
   4.12000  7.790026E-07
   4.14000  7.640603E-07
   4.16000  7.494478E-07
   4.18000  7.352305E-07
   4.20000  7.213081E-07
   4.22000  7.077688E-07
   4.24000  6.945037E-07
   4.26000  6.815517E-07
   4.28000  6.688556E-07
   4.30000  6.565343E-07
   4.32000  6.444499E-07
   4.34000  6.326406E-07
   4.36000  6.211114E-07
   4.38000  6.098897E-07
   4.40000  5.988717E-07
   4.42000  5.880953E-07
   4.44000  5.775826E-07
   4.46000  5.673252E-07
   4.48000  5.572434E-07
   4.50000  5.474304E-07
   4.52000  5.378219E-07
   4.54000  5.283707E-07
   4.56000  5.191661E-07
   4.58000  5.101737E-07
   4.60000  5.013469E-07
   4.62000  4.927596E-07
   4.64000  4.843508E-07
   4.66000  4.760413E-07
   4.68000  4.679633E-07
   4.70000  4.600615E-07
   4.72000  4.523307E-07
   4.74000  4.447510E-07
   4.76000  4.373321E-07
   4.78000  4.300912E-07
   4.80000  4.229646E-07
   4.82000  4.159490E-07
   4.84000  4.091540E-07
   4.86000  4.024814E-07
   4.88000  3.959361E-07
   4.90000  3.895115E-07
   4.92000  3.832320E-07
   4.94000  3.770400E-07
   4.96000  3.710045E-07
   4.98000  3.651016E-07
   5.00000  3.592945E-07
   5.02000  3.536309E-07
   5.04000  3.480381E-07
   5.06000  3.425813E-07
   5.08000  3.372389E-07
   5.10000  3.319761E-07
   5.12000  3.268073E-07
   5.14000  3.217765E-07
   5.16000  3.168142E-07
   5.18000  3.119688E-07
   5.20000  3.072186E-07
   5.22000  3.025159E-07
   5.24000  2.979650E-07
   5.26000  2.934566E-07
   5.28000  2.890331E-07
   5.30000  2.847074E-07
   5.32000  2.804611E-07
   5.34000  2.762783E-07
   5.36000  2.721986E-07
   5.38000  2.681637E-07
   5.40000  2.642403E-07
   5.42000  2.603711E-07
   5.44000  2.565544E-07
   5.46000  2.528278E-07
   5.48000  2.491885E-07
   5.50000  2.455569E-07
   5.52000  2.420469E-07
   5.54000  2.385794E-07
   5.56000  2.351773E-07
   5.58000  2.318145E-07
   5.60000  2.285263E-07
   5.62000  2.253105E-07
   5.64000  2.221162E-07
   5.66000  2.190260E-07
   5.68000  2.159540E-07
   5.70000  2.129470E-07
   5.72000  2.099687E-07
   5.74000  2.070733E-07
   5.76000  2.042247E-07
   5.78000  2.014337E-07
   5.80000  1.986535E-07
   5.82000  1.959484E-07
   5.84000  1.932963E-07
   5.86000  1.906833E-07
   5.88000  1.881082E-07
   5.90000  1.855627E-07
   5.92000  1.830717E-07
   5.94000  1.806332E-07
   5.96000  1.782390E-07
   5.98000  1.758461E-07
   6.00000  1.735313E-07
   6.02000  1.712570E-07
   6.04000  1.689985E-07
   6.06000  1.667785E-07
   6.08000  1.646011E-07
   6.10000  1.624482E-07
   6.12000  1.603633E-07
   6.14000  1.582842E-07
   6.16000  1.562426E-07
   6.18000  1.542215E-07
   6.20000  1.522627E-07
   6.22000  1.503222E-07
   6.24000  1.484144E-07
   6.26000  1.465233E-07
   6.28000  1.446742E-07
   6.30000  1.428549E-07
   6.32000  1.410641E-07
   6.34000  1.393011E-07
   6.36000  1.375505E-07
   6.38000  1.358508E-07
   6.40000  1.341513E-07
   6.42000  1.324973E-07
   6.44000  1.308560E-07
   6.46000  1.292741E-07
   6.48000  1.276765E-07
   6.50000  1.261360E-07
   6.52000  1.245790E-07
   6.54000  1.230771E-07
   6.56000  1.215807E-07
   6.58000  1.201143E-07
   6.60000  1.186646E-07
   6.62000  1.172532E-07
   6.64000  1.158469E-07
   6.66000  1.144771E-07
   6.68000  1.130995E-07
   6.70000  1.117683E-07
   6.72000  1.104497E-07
   6.74000  1.091542E-07
   6.76000  1.078702E-07
   6.78000  1.066079E-07
   6.80000  1.053559E-07
   6.82000  1.041446E-07
   6.84000  1.029326E-07
   6.86000  1.017397E-07
   6.88000  1.005746E-07
   6.90000  9.940750E-08
   6.92000  9.827625E-08
   6.94000  9.714291E-08
   6.96000  9.604459E-08
   6.98000  9.494249E-08
   7.00000  9.388352E-08
   7.02000  9.281028E-08
   7.04000  9.176915E-08
   7.06000  9.075024E-08
   7.08000  8.972547E-08
   7.10000  8.873067E-08
   7.12000  8.772938E-08
   7.14000  8.676574E-08
   7.16000  8.579485E-08
   7.18000  8.486006E-08
   7.20000  8.392590E-08
   7.22000  8.299220E-08
   7.24000  8.208406E-08
   7.26000  8.118398E-08
   7.28000  8.029161E-08
   7.30000  7.942289E-08
   7.32000  7.856090E-08
   7.34000  7.770535E-08
   7.36000  7.687169E-08
   7.38000  7.605913E-08
   7.40000  7.525153E-08
   7.42000  7.444867E-08
   7.44000  7.365029E-08
   7.46000  7.287110E-08
   7.48000  7.207971E-08
   7.50000  7.133707E-08
   7.52000  7.056698E-08
   7.54000  6.984417E-08
   7.56000  6.910788E-08
   7.58000  6.837372E-08
   7.60000  6.765539E-08
   7.62000  6.695230E-08
   7.64000  6.626390E-08
   7.66000  6.557624E-08
   7.68000  6.490250E-08
   7.70000  6.424217E-08
   7.72000  6.356681E-08
   7.74000  6.293201E-08
   7.76000  6.228168E-08
   7.78000  6.165794E-08
   7.80000  6.103094E-08
   7.82000  6.041498E-08
   7.84000  5.979743E-08
   7.86000  5.920246E-08
   7.88000  5.860533E-08
   7.90000  5.800370E-08
   7.92000  5.743741E-08
   7.94000  5.686822E-08
   7.96000  5.629366E-08
   7.98000  5.573891E-08
   8.00000  5.518074E-08
   8.02000  5.462777E-08
   8.04000  5.410952E-08
   8.06000  5.358182E-08
   8.08000  5.302816E-08
   8.10000  5.251366E-08
   8.12000  5.200794E-08
   8.14000  5.149198E-08
   8.16000  5.100814E-08
   8.18000  5.051345E-08
   8.20000  5.002660E-08
   8.22000  4.954456E-08
   8.24000  4.906128E-08
   8.26000  4.859810E-08
   8.28000  4.813296E-08
   8.30000  4.766475E-08
   8.32000  4.721657E-08
   8.34000  4.677457E-08
   8.36000  4.631995E-08
   8.38000  4.589323E-08
   8.40000  4.545348E-08
   8.42000  4.502852E-08
   8.44000  4.461169E-08
   8.46000  4.417858E-08
   8.48000  4.378331E-08
   8.50000  4.337151E-08
   8.52000  4.296669E-08
   8.54000  4.257495E-08
   8.56000  4.216892E-08
   8.58000  4.178742E-08
   8.60000  4.140829E-08
   8.62000  4.102431E-08
   8.64000  4.064226E-08
   8.66000  4.027517E-08
   8.68000  3.990935E-08
   8.70000  3.954647E-08
   8.72000  3.919113E-08
   8.74000  3.882830E-08
   8.76000  3.846810E-08
   8.78000  3.811924E-08
   8.80000  3.778039E-08
   8.82000  3.745207E-08
   8.84000  3.711449E-08
   8.86000  3.677939E-08
   8.88000  3.646095E-08
   8.90000  3.612610E-08
   8.92000  3.580014E-08
   8.94000  3.548310E-08
   8.96000  3.518162E-08
   8.98000  3.486332E-08
   9.00000  3.457078E-08
   9.02000  3.425072E-08
   9.04000  3.396288E-08
   9.06000  3.365792E-08
   9.08000  3.336715E-08
   9.10000  3.308311E-08
   9.12000  3.278890E-08
   9.14000  3.250106E-08
   9.16000  3.222646E-08
   9.18000  3.195757E-08
   9.20000  3.167826E-08
   9.22000  3.140799E-08
   9.24000  3.112649E-08
   9.26000  3.087351E-08
   9.28000  3.060893E-08
   9.30000  3.034002E-08
   9.32000  3.009144E-08
   9.34000  2.983820E-08
   9.36000  2.957915E-08
   9.38000  2.933470E-08
   9.40000  2.909007E-08
   9.42000  2.883458E-08
   9.44000  2.860354E-08
   9.46000  2.836727E-08
   9.48000  2.811855E-08
   9.50000  2.789483E-08
   9.52000  2.766407E-08
   9.54000  2.742787E-08
   9.56000  2.719935E-08
   9.58000  2.697443E-08
   9.60000  2.676216E-08
   9.62000  2.653860E-08
   9.64000  2.632184E-08
   9.66000  2.609920E-08
   9.68000  2.588831E-08
   9.70000  2.568025E-08
   9.72000  2.546926E-08
   9.74000  2.526096E-08
   9.76000  2.506190E-08
   9.78000  2.485943E-08
   9.80000  2.465930E-08
   9.82000  2.446056E-08
   9.84000  2.426394E-08
   9.86000  2.407198E-08
   9.88000  2.387831E-08
   9.90000  2.368050E-08
   9.92000  2.349773E-08
   9.94000  2.331049E-08
   9.96000  2.312119E-08
   9.98000  2.293559E-08
   10.0000  2.275604E-08
