Ni Rho=8.902, Sig=0.nm, P=1., E=15000.eV
 Angle (deg), Reflectivity
   0.000000  1.00000
   2.000000E-02  0.990886
   4.000000E-02  0.981642
   6.000000E-02  0.972039
   8.000000E-02  0.961797
   0.100000  0.950539
   0.120000  0.937705
   0.140000  0.922371
   0.160000  0.902813
   0.180000  0.875214
   0.200000  0.828343
   0.220000  0.699959
   0.240000  0.267980
   0.260000  0.122977
   0.280000  7.065535E-02
   0.300000  4.518517E-02
   0.320000  3.086018E-02
   0.340000  2.206172E-02
   0.360000  1.631961E-02
   0.380000  1.239969E-02
   0.400000  9.628326E-03
   0.420000  7.612842E-03
   0.440000  6.112415E-03
   0.460000  4.973131E-03
   0.480000  4.093262E-03
   0.500000  3.403639E-03
   0.520000  2.856064E-03
   0.540000  2.416219E-03
   0.560000  2.059245E-03
   0.580000  1.766817E-03
   0.600000  1.525227E-03
   0.620000  1.324095E-03
   0.640000  1.155457E-03
   0.660000  1.013141E-03
   0.680000  8.923133E-04
   0.700000  7.891578E-04
   0.720000  7.006297E-04
   0.740000  6.242886E-04
   0.760000  5.581566E-04
   0.780000  5.006286E-04
   0.800000  4.503820E-04
   0.820000  4.063291E-04
   0.840000  3.675722E-04
   0.860000  3.333594E-04
   0.880000  3.030627E-04
   0.900000  2.761517E-04
   0.920000  2.521790E-04
   0.940000  2.307677E-04
   0.960000  2.115944E-04
   0.980000  1.943812E-04
   1.00000  1.788925E-04
   1.02000  1.649240E-04
   1.04000  1.522973E-04
   1.06000  1.408634E-04
   1.08000  1.304873E-04
   1.10000  1.210523E-04
   1.12000  1.124588E-04
   1.14000  1.046178E-04
   1.16000  9.745016E-05
   1.18000  9.088864E-05
   1.20000  8.487247E-05
   1.22000  7.934705E-05
   1.24000  7.426584E-05
   1.26000  6.958665E-05
   1.28000  6.527083E-05
   1.30000  6.128533E-05
   1.32000  5.760137E-05
   1.34000  5.418974E-05
   1.36000  5.102816E-05
   1.38000  4.809455E-05
   1.40000  4.536937E-05
   1.42000  4.283469E-05
   1.44000  4.047515E-05
   1.46000  3.827620E-05
   1.48000  3.622543E-05
   1.50000  3.431026E-05
   1.52000  3.252015E-05
   1.54000  3.084537E-05
   1.56000  2.927729E-05
   1.58000  2.780797E-05
   1.60000  2.642986E-05
   1.62000  2.513616E-05
   1.64000  2.392112E-05
   1.66000  2.277838E-05
   1.68000  2.170356E-05
   1.70000  2.069112E-05
   1.72000  1.973744E-05
   1.74000  1.883816E-05
   1.76000  1.798962E-05
   1.78000  1.718813E-05
   1.80000  1.643092E-05
   1.82000  1.571519E-05
   1.84000  1.503811E-05
   1.86000  1.439699E-05
   1.88000  1.379013E-05
   1.90000  1.321478E-05
   1.92000  1.266894E-05
   1.94000  1.215100E-05
   1.96000  1.165962E-05
   1.98000  1.119263E-05
   2.00000  1.074910E-05
   2.02000  1.032692E-05
   2.04000  9.925540E-06
   2.06000  9.543694E-06
   2.08000  9.179661E-06
   2.10000  8.832999E-06
   2.12000  8.502881E-06
   2.14000  8.187632E-06
   2.16000  7.887149E-06
   2.18000  7.600115E-06
   2.20000  7.326345E-06
   2.22000  7.064385E-06
   2.24000  6.814354E-06
   2.26000  6.575218E-06
   2.28000  6.346449E-06
   2.30000  6.127686E-06
   2.32000  5.918314E-06
   2.34000  5.717715E-06
   2.36000  5.525439E-06
   2.38000  5.341399E-06
   2.40000  5.164849E-06
   2.42000  4.995612E-06
   2.44000  4.833181E-06
   2.46000  4.677312E-06
   2.48000  4.527614E-06
   2.50000  4.383966E-06
   2.52000  4.246011E-06
   2.54000  4.113424E-06
   2.56000  3.985942E-06
   2.58000  3.863333E-06
   2.60000  3.745416E-06
   2.62000  3.632189E-06
   2.64000  3.523065E-06
   2.66000  3.417863E-06
   2.68000  3.316746E-06
   2.70000  3.219241E-06
   2.72000  3.125326E-06
   2.74000  3.034838E-06
   2.76000  2.947582E-06
   2.78000  2.863456E-06
   2.80000  2.782238E-06
   2.82000  2.704008E-06
   2.84000  2.628555E-06
   2.86000  2.555519E-06
   2.88000  2.485110E-06
   2.90000  2.417140E-06
   2.92000  2.351421E-06
   2.94000  2.287942E-06
   2.96000  2.226652E-06
   2.98000  2.167336E-06
   3.00000  2.110016E-06
   3.02000  2.054546E-06
   3.04000  2.000951E-06
   3.06000  1.948959E-06
   3.08000  1.898754E-06
   3.10000  1.850207E-06
   3.12000  1.803068E-06
   3.14000  1.757513E-06
   3.16000  1.713391E-06
   3.18000  1.670595E-06
   3.20000  1.629208E-06
   3.22000  1.588994E-06
   3.24000  1.550096E-06
   3.26000  1.512368E-06
   3.28000  1.475768E-06
   3.30000  1.440250E-06
   3.32000  1.405816E-06
   3.34000  1.372418E-06
   3.36000  1.339989E-06
   3.38000  1.308558E-06
   3.40000  1.277945E-06
   3.42000  1.248299E-06
   3.44000  1.219513E-06
   3.46000  1.191484E-06
   3.48000  1.164325E-06
   3.50000  1.137934E-06
   3.52000  1.112282E-06
   3.54000  1.087343E-06
   3.56000  1.063030E-06
   3.58000  1.039472E-06
   3.60000  1.016582E-06
   3.62000  9.943055E-07
   3.64000  9.725339E-07
   3.66000  9.514779E-07
   3.68000  9.309438E-07
   3.70000  9.110213E-07
   3.72000  8.915826E-07
   3.74000  8.726079E-07
   3.76000  8.541902E-07
   3.78000  8.362511E-07
   3.80000  8.187299E-07
   3.82000  8.017605E-07
   3.84000  7.851722E-07
   3.86000  7.690487E-07
   3.88000  7.532848E-07
   3.90000  7.379995E-07
   3.92000  7.229547E-07
   3.94000  7.084102E-07
   3.96000  6.942576E-07
   3.98000  6.803544E-07
   4.00000  6.669072E-07
   4.02000  6.537276E-07
   4.04000  6.408915E-07
   4.06000  6.282668E-07
   4.08000  6.160845E-07
   4.10000  6.041760E-07
   4.12000  5.925227E-07
   4.14000  5.811601E-07
   4.16000  5.700452E-07
   4.18000  5.592361E-07
   4.20000  5.486465E-07
   4.22000  5.383545E-07
   4.24000  5.282658E-07
   4.26000  5.184157E-07
   4.28000  5.087551E-07
   4.30000  4.993888E-07
   4.32000  4.901971E-07
   4.34000  4.812146E-07
   4.36000  4.724462E-07
   4.38000  4.639167E-07
   4.40000  4.555365E-07
   4.42000  4.473392E-07
   4.44000  4.393450E-07
   4.46000  4.315472E-07
   4.48000  4.238771E-07
   4.50000  4.164165E-07
   4.52000  4.091102E-07
   4.54000  4.019173E-07
   4.56000  3.949167E-07
   4.58000  3.880789E-07
   4.60000  3.813637E-07
   4.62000  3.748362E-07
   4.64000  3.684437E-07
   4.66000  3.621177E-07
   4.68000  3.559740E-07
   4.70000  3.499649E-07
   4.72000  3.440863E-07
   4.74000  3.383214E-07
   4.76000  3.326790E-07
   4.78000  3.271746E-07
   4.80000  3.217530E-07
   4.82000  3.164120E-07
   4.84000  3.112472E-07
   4.86000  3.061736E-07
   4.88000  3.011958E-07
   4.90000  2.963085E-07
   4.92000  2.915332E-07
   4.94000  2.868201E-07
   4.96000  2.822296E-07
   4.98000  2.777414E-07
   5.00000  2.733236E-07
   5.02000  2.690180E-07
   5.04000  2.647618E-07
   5.06000  2.606119E-07
   5.08000  2.565498E-07
   5.10000  2.525455E-07
   5.12000  2.486118E-07
   5.14000  2.447873E-07
   5.16000  2.410118E-07
   5.18000  2.373275E-07
   5.20000  2.337159E-07
   5.22000  2.301356E-07
   5.24000  2.266778E-07
   5.26000  2.232473E-07
   5.28000  2.198814E-07
   5.30000  2.165917E-07
   5.32000  2.133621E-07
   5.34000  2.101791E-07
   5.36000  2.070773E-07
   5.38000  2.040062E-07
   5.40000  2.010241E-07
   5.42000  1.980811E-07
   5.44000  1.951760E-07
   5.46000  1.923418E-07
   5.48000  1.895763E-07
   5.50000  1.868099E-07
   5.52000  1.841425E-07
   5.54000  1.815051E-07
   5.56000  1.789177E-07
   5.58000  1.763578E-07
   5.60000  1.738564E-07
   5.62000  1.714116E-07
   5.64000  1.689792E-07
   5.66000  1.666314E-07
   5.68000  1.642934E-07
   5.70000  1.620061E-07
   5.72000  1.597380E-07
   5.74000  1.575365E-07
   5.76000  1.553702E-07
   5.78000  1.532487E-07
   5.80000  1.511312E-07
   5.82000  1.490740E-07
   5.84000  1.470578E-07
   5.86000  1.450707E-07
   5.88000  1.431116E-07
   5.90000  1.411737E-07
   5.92000  1.392784E-07
   5.94000  1.374243E-07
   5.96000  1.356044E-07
   5.98000  1.337810E-07
   6.00000  1.320214E-07
   6.02000  1.302929E-07
   6.04000  1.285739E-07
   6.06000  1.268844E-07
   6.08000  1.252280E-07
   6.10000  1.235890E-07
   6.12000  1.220055E-07
   6.14000  1.204231E-07
   6.16000  1.188698E-07
   6.18000  1.173307E-07
   6.20000  1.158423E-07
   6.22000  1.143663E-07
   6.24000  1.129155E-07
   6.26000  1.114758E-07
   6.28000  1.100695E-07
   6.30000  1.086857E-07
   6.32000  1.073238E-07
   6.34000  1.059828E-07
   6.36000  1.046498E-07
   6.38000  1.033580E-07
   6.40000  1.020634E-07
   6.42000  1.008056E-07
   6.44000  9.955600E-08
   6.46000  9.835543E-08
   6.48000  9.713839E-08
   6.50000  9.596850E-08
   6.52000  9.478160E-08
   6.54000  9.364003E-08
   6.56000  9.250079E-08
   6.58000  9.138518E-08
   6.60000  9.028172E-08
   6.62000  8.920919E-08
   6.64000  8.813875E-08
   6.66000  8.709775E-08
   6.68000  8.604773E-08
   6.70000  8.503594E-08
   6.72000  8.403286E-08
   6.74000  8.304787E-08
   6.76000  8.207063E-08
   6.78000  8.111033E-08
   6.80000  8.015690E-08
   6.82000  7.923698E-08
   6.84000  7.831451E-08
   6.86000  7.740670E-08
   6.88000  7.652117E-08
   6.90000  7.563204E-08
   6.92000  7.477234E-08
   6.94000  7.390899E-08
   6.96000  7.307439E-08
   6.98000  7.223473E-08
   7.00000  7.143099E-08
   7.02000  7.061306E-08
   7.04000  6.982150E-08
   7.06000  6.904767E-08
   7.08000  6.826711E-08
   7.10000  6.751111E-08
   7.12000  6.674788E-08
   7.14000  6.601596E-08
   7.16000  6.527620E-08
   7.18000  6.456645E-08
   7.20000  6.385579E-08
   7.22000  6.314409E-08
   7.24000  6.245328E-08
   7.26000  6.176811E-08
   7.28000  6.108829E-08
   7.30000  6.042777E-08
   7.32000  5.977179E-08
   7.34000  5.912012E-08
   7.36000  5.848628E-08
   7.38000  5.786958E-08
   7.40000  5.725598E-08
   7.42000  5.664528E-08
   7.44000  5.603730E-08
   7.46000  5.544487E-08
   7.48000  5.484064E-08
   7.50000  5.427780E-08
   7.52000  5.368987E-08
   7.54000  5.314211E-08
   7.56000  5.258148E-08
   7.58000  5.202164E-08
   7.60000  5.147455E-08
   7.62000  5.093972E-08
   7.64000  5.041668E-08
   7.66000  4.989329E-08
   7.68000  4.938104E-08
   7.70000  4.887951E-08
   7.72000  4.836392E-08
   7.74000  4.788277E-08
   7.76000  4.738713E-08
   7.78000  4.691378E-08
   7.80000  4.643667E-08
   7.82000  4.596831E-08
   7.84000  4.549769E-08
   7.86000  4.504590E-08
   7.88000  4.459138E-08
   7.90000  4.413209E-08
   7.92000  4.370282E-08
   7.94000  4.327020E-08
   7.96000  4.283210E-08
   7.98000  4.241050E-08
   8.00000  4.198513E-08
   8.02000  4.156353E-08
   8.04000  4.117149E-08
   8.06000  4.077044E-08
   8.08000  4.034602E-08
   8.10000  3.995505E-08
   8.12000  3.957103E-08
   8.14000  3.917736E-08
   8.16000  3.881105E-08
   8.18000  3.843457E-08
   8.20000  3.806428E-08
   8.22000  3.769753E-08
   8.24000  3.732903E-08
   8.26000  3.697745E-08
   8.28000  3.662351E-08
   8.30000  3.626628E-08
   8.32000  3.592590E-08
   8.34000  3.559032E-08
   8.36000  3.524313E-08
   8.38000  3.491970E-08
   8.40000  3.458432E-08
   8.42000  3.426127E-08
   8.44000  3.394474E-08
   8.46000  3.361348E-08
   8.48000  3.331467E-08
   8.50000  3.300090E-08
   8.52000  3.269269E-08
   8.54000  3.239537E-08
   8.56000  3.208506E-08
   8.58000  3.179565E-08
   8.60000  3.150781E-08
   8.62000  3.121523E-08
   8.64000  3.092385E-08
   8.66000  3.064504E-08
   8.68000  3.036686E-08
   8.70000  3.009078E-08
   8.72000  2.982083E-08
   8.74000  2.954387E-08
   8.76000  2.926876E-08
   8.78000  2.900311E-08
   8.80000  2.874574E-08
   8.82000  2.849713E-08
   8.84000  2.824002E-08
   8.86000  2.798466E-08
   8.88000  2.774341E-08
   8.90000  2.748744E-08
   8.92000  2.723882E-08
   8.94000  2.699759E-08
   8.96000  2.676953E-08
   8.98000  2.652641E-08
   9.00000  2.630540E-08
   9.02000  2.605999E-08
   9.04000  2.584232E-08
   9.06000  2.560934E-08
   9.08000  2.538839E-08
   9.10000  2.517295E-08
   9.12000  2.494828E-08
   9.14000  2.472882E-08
   9.16000  2.452057E-08
   9.18000  2.431697E-08
   9.20000  2.410393E-08
   9.22000  2.389845E-08
   9.24000  2.368285E-08
   9.26000  2.349181E-08
   9.28000  2.329033E-08
   9.30000  2.308476E-08
   9.32000  2.289661E-08
   9.34000  2.270411E-08
   9.36000  2.250622E-08
   9.38000  2.232077E-08
   9.40000  2.213487E-08
   9.42000  2.193921E-08
   9.44000  2.176459E-08
   9.46000  2.158513E-08
   9.48000  2.139452E-08
   9.50000  2.122546E-08
   9.52000  2.104997E-08
   9.54000  2.086947E-08
   9.56000  2.069540E-08
   9.58000  2.052421E-08
   9.60000  2.036380E-08
   9.62000  2.019328E-08
   9.64000  2.002844E-08
   9.66000  1.985823E-08
   9.68000  1.969801E-08
   9.70000  1.954003E-08
   9.72000  1.937925E-08
   9.74000  1.922057E-08
   9.76000  1.906972E-08
   9.78000  1.891567E-08
   9.80000  1.876343E-08
   9.82000  1.861217E-08
   9.84000  1.846254E-08
   9.86000  1.831676E-08
   9.88000  1.816926E-08
   9.90000  1.801793E-08
   9.92000  1.787952E-08
   9.94000  1.773700E-08
   9.96000  1.759247E-08
   9.98000  1.745096E-08
   10.0000  1.731452E-08
