Ni Rho=8.902, Sig=0.nm, P=1., E=3000.eV
 Angle (deg), Reflectivity
   0.000000  1.00000
   2.000000E-02  0.996373
   4.000000E-02  0.992757
   6.000000E-02  0.989146
   8.000000E-02  0.985539
   0.100000  0.981932
   0.120000  0.978321
   0.140000  0.974703
   0.160000  0.971074
   0.180000  0.967432
   0.200000  0.963772
   0.220000  0.960091
   0.240000  0.956385
   0.260000  0.952650
   0.280000  0.948883
   0.300000  0.945078
   0.320000  0.941231
   0.340000  0.937338
   0.360000  0.933394
   0.380000  0.929393
   0.400000  0.925329
   0.420000  0.921197
   0.440000  0.916990
   0.460000  0.912701
   0.480000  0.908322
   0.500000  0.903845
   0.520000  0.899260
   0.540000  0.894559
   0.560000  0.889729
   0.580000  0.884759
   0.600000  0.879635
   0.620000  0.874342
   0.640000  0.868863
   0.660000  0.863179
   0.680000  0.857268
   0.700000  0.851105
   0.720000  0.844663
   0.740000  0.837907
   0.760000  0.830801
   0.780000  0.823301
   0.800000  0.815352
   0.820000  0.806894
   0.840000  0.797851
   0.860000  0.788132
   0.880000  0.777626
   0.900000  0.766195
   0.920000  0.753665
   0.940000  0.739811
   0.960000  0.724346
   0.980000  0.706887
   1.00000  0.686918
   1.02000  0.663735
   1.04000  0.636366
   1.06000  0.603478
   1.08000  0.563352
   1.10000  0.514227
   1.12000  0.455763
   1.14000  0.391723
   1.16000  0.329918
   1.18000  0.276611
   1.20000  0.233312
   1.22000  0.198756
   1.24000  0.171092
   1.26000  0.148707
   1.28000  0.130364
   1.30000  0.115148
   1.32000  0.102382
   1.34000  9.156413E-02
   1.36000  8.231328E-02
   1.38000  7.433928E-02
   1.40000  6.741659E-02
   1.42000  6.136798E-02
   1.44000  5.605257E-02
   1.46000  5.135707E-02
   1.48000  4.718946E-02
   1.50000  4.347437E-02
   1.52000  4.014946E-02
   1.54000  3.716286E-02
   1.56000  3.447109E-02
   1.58000  3.203743E-02
   1.60000  2.983070E-02
   1.62000  2.782428E-02
   1.64000  2.599539E-02
   1.66000  2.432429E-02
   1.68000  2.279397E-02
   1.70000  2.138958E-02
   1.72000  2.009820E-02
   1.74000  1.890848E-02
   1.76000  1.781047E-02
   1.78000  1.679535E-02
   1.80000  1.585536E-02
   1.82000  1.498360E-02
   1.84000  1.417393E-02
   1.86000  1.342086E-02
   1.88000  1.271953E-02
   1.90000  1.206550E-02
   1.92000  1.145484E-02
   1.94000  1.088400E-02
   1.96000  1.034980E-02
   1.98000  9.849317E-03
   2.00000  9.379945E-03
   2.02000  8.939288E-03
   2.04000  8.525199E-03
   2.06000  8.135715E-03
   2.08000  7.769017E-03
   2.10000  7.423489E-03
   2.12000  7.097634E-03
   2.14000  6.790060E-03
   2.16000  6.499528E-03
   2.18000  6.224865E-03
   2.20000  5.965030E-03
   2.22000  5.719023E-03
   2.24000  5.485962E-03
   2.26000  5.265006E-03
   2.28000  5.055386E-03
   2.30000  4.856396E-03
   2.32000  4.667378E-03
   2.34000  4.487716E-03
   2.36000  4.316847E-03
   2.38000  4.154253E-03
   2.40000  3.999438E-03
   2.42000  3.851953E-03
   2.44000  3.711371E-03
   2.46000  3.577302E-03
   2.48000  3.449377E-03
   2.50000  3.327257E-03
   2.52000  3.210620E-03
   2.54000  3.099166E-03
   2.56000  2.992613E-03
   2.58000  2.890701E-03
   2.60000  2.793184E-03
   2.62000  2.699839E-03
   2.64000  2.610438E-03
   2.66000  2.524779E-03
   2.68000  2.442681E-03
   2.70000  2.363956E-03
   2.72000  2.288441E-03
   2.74000  2.215976E-03
   2.76000  2.146411E-03
   2.78000  2.079606E-03
   2.80000  2.015425E-03
   2.82000  1.953750E-03
   2.84000  1.894460E-03
   2.86000  1.837436E-03
   2.88000  1.782581E-03
   2.90000  1.729794E-03
   2.92000  1.678978E-03
   2.94000  1.630046E-03
   2.96000  1.582914E-03
   2.98000  1.537499E-03
   3.00000  1.493728E-03
   3.02000  1.451528E-03
   3.04000  1.410832E-03
   3.06000  1.371571E-03
   3.08000  1.333689E-03
   3.10000  1.297127E-03
   3.12000  1.261824E-03
   3.14000  1.227734E-03
   3.16000  1.194804E-03
   3.18000  1.162985E-03
   3.20000  1.132235E-03
   3.22000  1.102506E-03
   3.24000  1.073762E-03
   3.26000  1.045961E-03
   3.28000  1.019065E-03
   3.30000  9.930395E-04
   3.32000  9.678507E-04
   3.34000  9.434659E-04
   3.36000  9.198537E-04
   3.38000  8.969860E-04
   3.40000  8.748307E-04
   3.42000  8.533656E-04
   3.44000  8.325630E-04
   3.46000  8.123961E-04
   3.48000  7.928453E-04
   3.50000  7.738859E-04
   3.52000  7.554964E-04
   3.54000  7.376559E-04
   3.56000  7.203431E-04
   3.58000  7.035431E-04
   3.60000  6.872360E-04
   3.62000  6.714034E-04
   3.64000  6.560265E-04
   3.66000  6.410952E-04
   3.68000  6.265895E-04
   3.70000  6.124979E-04
   3.72000  5.988030E-04
   3.74000  5.854914E-04
   3.76000  5.725528E-04
   3.78000  5.599734E-04
   3.80000  5.477395E-04
   3.82000  5.358437E-04
   3.84000  5.242709E-04
   3.86000  5.130130E-04
   3.88000  5.020571E-04
   3.90000  4.913970E-04
   3.92000  4.810172E-04
   3.94000  4.709157E-04
   3.96000  4.610812E-04
   3.98000  4.515017E-04
   4.00000  4.421750E-04
   4.02000  4.330884E-04
   4.04000  4.242366E-04
   4.06000  4.156092E-04
   4.08000  4.072055E-04
   4.10000  3.990143E-04
   4.12000  3.910292E-04
   4.14000  3.832449E-04
   4.16000  3.756542E-04
   4.18000  3.682533E-04
   4.20000  3.610345E-04
   4.22000  3.539943E-04
   4.24000  3.471255E-04
   4.26000  3.404238E-04
   4.28000  3.338835E-04
   4.30000  3.275026E-04
   4.32000  3.212736E-04
   4.34000  3.151931E-04
   4.36000  3.092570E-04
   4.38000  3.034624E-04
   4.40000  2.978028E-04
   4.42000  2.922754E-04
   4.44000  2.868772E-04
   4.46000  2.816044E-04
   4.48000  2.764520E-04
   4.50000  2.714189E-04
   4.52000  2.665004E-04
   4.54000  2.616925E-04
   4.56000  2.569942E-04
   4.58000  2.524020E-04
   4.60000  2.479120E-04
   4.62000  2.435232E-04
   4.64000  2.392318E-04
   4.66000  2.350333E-04
   4.68000  2.309285E-04
   4.70000  2.269136E-04
   4.72000  2.229863E-04
   4.74000  2.191440E-04
   4.76000  2.153847E-04
   4.78000  2.117068E-04
   4.80000  2.081069E-04
   4.82000  2.045828E-04
   4.84000  2.011353E-04
   4.86000  1.977602E-04
   4.88000  1.944558E-04
   4.90000  1.912205E-04
   4.92000  1.880529E-04
   4.94000  1.849503E-04
   4.96000  1.819125E-04
   4.98000  1.789375E-04
   5.00000  1.760230E-04
   5.02000  1.731686E-04
   5.04000  1.703714E-04
   5.06000  1.676313E-04
   5.08000  1.649466E-04
   5.10000  1.623153E-04
   5.12000  1.597364E-04
   5.14000  1.572097E-04
   5.16000  1.547324E-04
   5.18000  1.523046E-04
   5.20000  1.499245E-04
   5.22000  1.475901E-04
   5.24000  1.453026E-04
   5.26000  1.430586E-04
   5.28000  1.408580E-04
   5.30000  1.387002E-04
   5.32000  1.365837E-04
   5.34000  1.345074E-04
   5.36000  1.324711E-04
   5.38000  1.304728E-04
   5.40000  1.285131E-04
   5.42000  1.265899E-04
   5.44000  1.247024E-04
   5.46000  1.228506E-04
   5.48000  1.210337E-04
   5.50000  1.192492E-04
   5.52000  1.174988E-04
   5.54000  1.157802E-04
   5.56000  1.140932E-04
   5.58000  1.124366E-04
   5.60000  1.108103E-04
   5.62000  1.092139E-04
   5.64000  1.076455E-04
   5.66000  1.061064E-04
   5.68000  1.045941E-04
   5.70000  1.031090E-04
   5.72000  1.016498E-04
   5.74000  1.002172E-04
   5.76000  9.880981E-05
   5.78000  9.742737E-05
   5.80000  9.606837E-05
   5.82000  9.473372E-05
   5.84000  9.342244E-05
   5.86000  9.213378E-05
   5.88000  9.086725E-05
   5.90000  8.962222E-05
   5.92000  8.839883E-05
   5.94000  8.719660E-05
   5.96000  8.601494E-05
   5.98000  8.485251E-05
   6.00000  8.371060E-05
   6.02000  8.258798E-05
   6.04000  8.148377E-05
   6.06000  8.039807E-05
   6.08000  7.933065E-05
   6.10000  7.828073E-05
   6.12000  7.724896E-05
   6.14000  7.623361E-05
   6.16000  7.523507E-05
   6.18000  7.425264E-05
   6.20000  7.328694E-05
   6.22000  7.233669E-05
   6.24000  7.140193E-05
   6.26000  7.048200E-05
   6.28000  6.957718E-05
   6.30000  6.868693E-05
   6.32000  6.781096E-05
   6.34000  6.694897E-05
   6.36000  6.610039E-05
   6.38000  6.526579E-05
   6.40000  6.444383E-05
   6.42000  6.363525E-05
   6.44000  6.283910E-05
   6.46000  6.205618E-05
   6.48000  6.128462E-05
   6.50000  6.052580E-05
   6.52000  5.977787E-05
   6.54000  5.904221E-05
   6.56000  5.831752E-05
   6.58000  5.760413E-05
   6.60000  5.690156E-05
   6.62000  5.621009E-05
   6.64000  5.552880E-05
   6.66000  5.485820E-05
   6.68000  5.419713E-05
   6.70000  5.354661E-05
   6.72000  5.290571E-05
   6.74000  5.227452E-05
   6.76000  5.165259E-05
   6.78000  5.104001E-05
   6.80000  5.043634E-05
   6.82000  4.984211E-05
   6.84000  4.925626E-05
   6.86000  4.867908E-05
   6.88000  4.811060E-05
   6.90000  4.755003E-05
   6.92000  4.699805E-05
   6.94000  4.645371E-05
   6.96000  4.591768E-05
   6.98000  4.538899E-05
   7.00000  4.486853E-05
   7.02000  4.435490E-05
   7.04000  4.384901E-05
   7.06000  4.335053E-05
   7.08000  4.285870E-05
   7.10000  4.237422E-05
   7.12000  4.189615E-05
   7.14000  4.142535E-05
   7.16000  4.096074E-05
   7.18000  4.050316E-05
   7.20000  4.005172E-05
   7.22000  3.960631E-05
   7.24000  3.916739E-05
   7.26000  3.873447E-05
   7.28000  3.830744E-05
   7.30000  3.788657E-05
   7.32000  3.747138E-05
   7.34000  3.706178E-05
   7.36000  3.665802E-05
   7.38000  3.625999E-05
   7.40000  3.586725E-05
   7.42000  3.547971E-05
   7.44000  3.509728E-05
   7.46000  3.472021E-05
   7.48000  3.434773E-05
   7.50000  3.398108E-05
   7.52000  3.361854E-05
   7.54000  3.326164E-05
   7.56000  3.290901E-05
   7.58000  3.256090E-05
   7.60000  3.221753E-05
   7.62000  3.187883E-05
   7.64000  3.154473E-05
   7.66000  3.121483E-05
   7.68000  3.088936E-05
   7.70000  3.056825E-05
   7.72000  3.025082E-05
   7.74000  2.993822E-05
   7.76000  2.962915E-05
   7.78000  2.932448E-05
   7.80000  2.902350E-05
   7.82000  2.872646E-05
   7.84000  2.843302E-05
   7.86000  2.814367E-05
   7.88000  2.785780E-05
   7.90000  2.757530E-05
   7.92000  2.729701E-05
   7.94000  2.702201E-05
   7.96000  2.675023E-05
   7.98000  2.648215E-05
   8.00000  2.621721E-05
   8.02000  2.595556E-05
   8.04000  2.569778E-05
   8.06000  2.544289E-05
   8.08000  2.519045E-05
   8.10000  2.494186E-05
   8.12000  2.469639E-05
   8.14000  2.445360E-05
   8.16000  2.421436E-05
   8.18000  2.397771E-05
   8.20000  2.374398E-05
   8.22000  2.351309E-05
   8.24000  2.328488E-05
   8.26000  2.305974E-05
   8.28000  2.283718E-05
   8.30000  2.261712E-05
   8.32000  2.240004E-05
   8.34000  2.218558E-05
   8.36000  2.197332E-05
   8.38000  2.176409E-05
   8.40000  2.155697E-05
   8.42000  2.135253E-05
   8.44000  2.115059E-05
   8.46000  2.095059E-05
   8.48000  2.075367E-05
   8.50000  2.055861E-05
   8.52000  2.036591E-05
   8.54000  2.017565E-05
   8.56000  1.998722E-05
   8.58000  1.980141E-05
   8.60000  1.961774E-05
   8.62000  1.943600E-05
   8.64000  1.925633E-05
   8.66000  1.907895E-05
   8.68000  1.890358E-05
   8.70000  1.873020E-05
   8.72000  1.855888E-05
   8.74000  1.838929E-05
   8.76000  1.822160E-05
   8.78000  1.805599E-05
   8.80000  1.789240E-05
   8.82000  1.773082E-05
   8.84000  1.757079E-05
   8.86000  1.741254E-05
   8.88000  1.725637E-05
   8.90000  1.710152E-05
   8.92000  1.694852E-05
   8.94000  1.679735E-05
   8.96000  1.664814E-05
   8.98000  1.650016E-05
   9.00000  1.635431E-05
   9.02000  1.620942E-05
   9.04000  1.606675E-05
   9.06000  1.592522E-05
   9.08000  1.578550E-05
   9.10000  1.564739E-05
   9.12000  1.551051E-05
   9.14000  1.537520E-05
   9.16000  1.524159E-05
   9.18000  1.510950E-05
   9.20000  1.497856E-05
   9.22000  1.484917E-05
   9.24000  1.472088E-05
   9.26000  1.459453E-05
   9.28000  1.446924E-05
   9.30000  1.434515E-05
   9.32000  1.422276E-05
   9.34000  1.410153E-05
   9.36000  1.398142E-05
   9.38000  1.386284E-05
   9.40000  1.374547E-05
   9.42000  1.362906E-05
   9.44000  1.351435E-05
   9.46000  1.340070E-05
   9.48000  1.328792E-05
   9.50000  1.317681E-05
   9.52000  1.306667E-05
   9.54000  1.295752E-05
   9.56000  1.284963E-05
   9.58000  1.274288E-05
   9.60000  1.263748E-05
   9.62000  1.253288E-05
   9.64000  1.242947E-05
   9.66000  1.232695E-05
   9.68000  1.222570E-05
   9.70000  1.212551E-05
   9.72000  1.202624E-05
   9.74000  1.192800E-05
   9.76000  1.183092E-05
   9.78000  1.173473E-05
   9.80000  1.163951E-05
   9.82000  1.154526E-05
   9.84000  1.145197E-05
   9.86000  1.135969E-05
   9.88000  1.126825E-05
   9.90000  1.117762E-05
   9.92000  1.108818E-05
   9.94000  1.099950E-05
   9.96000  1.091163E-05
   9.98000  1.082468E-05
   10.0000  1.073869E-05
