Ni Rho=8.902, Sig=0.nm, P=1., E=16000.eV
 Angle (deg), Reflectivity
   0.000000  1.00000
   2.000000E-02  0.991330
   4.000000E-02  0.982504
   6.000000E-02  0.973268
   8.000000E-02  0.963302
   0.100000  0.952158
   0.120000  0.939124
   0.140000  0.922934
   0.160000  0.900934
   0.180000  0.866023
   0.200000  0.786799
   0.220000  0.364343
   0.240000  0.140959
   0.260000  7.576784E-02
   0.280000  4.657324E-02
   0.300000  3.093532E-02
   0.320000  2.164967E-02
   0.340000  1.574275E-02
   0.360000  1.179204E-02
   0.380000  9.045840E-03
   0.400000  7.077233E-03
   0.420000  5.629862E-03
   0.440000  4.542853E-03
   0.460000  3.711500E-03
   0.480000  3.065570E-03
   0.500000  2.556725E-03
   0.520000  2.150935E-03
   0.540000  1.823760E-03
   0.560000  1.557362E-03
   0.580000  1.338512E-03
   0.600000  1.157254E-03
   0.620000  1.006015E-03
   0.640000  8.789579E-04
   0.660000  7.715430E-04
   0.680000  6.802003E-04
   0.700000  6.021052E-04
   0.720000  5.349962E-04
   0.740000  4.770568E-04
   0.760000  4.268111E-04
   0.780000  3.830596E-04
   0.800000  3.448107E-04
   0.820000  3.112484E-04
   0.840000  2.816981E-04
   0.860000  2.555939E-04
   0.880000  2.324624E-04
   0.900000  2.119033E-04
   0.920000  1.935782E-04
   0.940000  1.772025E-04
   0.960000  1.625313E-04
   0.980000  1.493537E-04
   1.00000  1.374912E-04
   1.02000  1.267886E-04
   1.04000  1.171102E-04
   1.06000  1.083431E-04
   1.08000  1.003844E-04
   1.10000  9.314516E-05
   1.12000  8.654965E-05
   1.14000  8.052992E-05
   1.16000  7.502564E-05
   1.18000  6.998555E-05
   1.20000  6.536328E-05
   1.22000  6.111701E-05
   1.24000  5.721128E-05
   1.26000  5.361387E-05
   1.28000  5.029511E-05
   1.30000  4.722976E-05
   1.32000  4.439594E-05
   1.34000  4.177101E-05
   1.36000  3.933815E-05
   1.38000  3.708036E-05
   1.40000  3.498268E-05
   1.42000  3.303132E-05
   1.44000  3.121456E-05
   1.46000  2.952122E-05
   1.48000  2.794185E-05
   1.50000  2.646669E-05
   1.52000  2.508769E-05
   1.54000  2.379738E-05
   1.56000  2.258915E-05
   1.58000  2.145691E-05
   1.60000  2.039485E-05
   1.62000  1.939774E-05
   1.64000  1.846121E-05
   1.66000  1.758028E-05
   1.68000  1.675168E-05
   1.70000  1.597107E-05
   1.72000  1.523573E-05
   1.74000  1.454229E-05
   1.76000  1.388792E-05
   1.78000  1.326976E-05
   1.80000  1.268573E-05
   1.82000  1.213367E-05
   1.84000  1.161139E-05
   1.86000  1.111679E-05
   1.88000  1.064865E-05
   1.90000  1.020476E-05
   1.92000  9.783596E-06
   1.94000  9.383932E-06
   1.96000  9.004779E-06
   1.98000  8.644397E-06
   2.00000  8.302139E-06
   2.02000  7.976291E-06
   2.04000  7.666506E-06
   2.06000  7.371805E-06
   2.08000  7.090798E-06
   2.10000  6.823205E-06
   2.12000  6.568407E-06
   2.14000  6.325028E-06
   2.16000  6.093068E-06
   2.18000  5.871458E-06
   2.20000  5.660114E-06
   2.22000  5.457834E-06
   2.24000  5.264792E-06
   2.26000  5.080147E-06
   2.28000  4.903496E-06
   2.30000  4.734579E-06
   2.32000  4.572913E-06
   2.34000  4.418003E-06
   2.36000  4.269505E-06
   2.38000  4.127387E-06
   2.40000  3.991036E-06
   2.42000  3.860336E-06
   2.44000  3.734880E-06
   2.46000  3.614491E-06
   2.48000  3.498857E-06
   2.50000  3.387906E-06
   2.52000  3.281352E-06
   2.54000  3.178940E-06
   2.56000  3.080464E-06
   2.58000  2.985747E-06
   2.60000  2.894655E-06
   2.62000  2.807206E-06
   2.64000  2.722909E-06
   2.66000  2.641622E-06
   2.68000  2.563512E-06
   2.70000  2.488178E-06
   2.72000  2.415620E-06
   2.74000  2.345711E-06
   2.76000  2.278295E-06
   2.78000  2.213297E-06
   2.80000  2.150538E-06
   2.82000  2.090099E-06
   2.84000  2.031809E-06
   2.86000  1.975365E-06
   2.88000  1.920960E-06
   2.90000  1.868443E-06
   2.92000  1.817658E-06
   2.94000  1.768605E-06
   2.96000  1.721250E-06
   2.98000  1.675412E-06
   3.00000  1.631118E-06
   3.02000  1.588251E-06
   3.04000  1.546838E-06
   3.06000  1.506649E-06
   3.08000  1.467853E-06
   3.10000  1.430342E-06
   3.12000  1.393904E-06
   3.14000  1.358700E-06
   3.16000  1.324603E-06
   3.18000  1.291525E-06
   3.20000  1.259544E-06
   3.22000  1.228459E-06
   3.24000  1.198398E-06
   3.26000  1.169241E-06
   3.28000  1.140952E-06
   3.30000  1.113498E-06
   3.32000  1.086884E-06
   3.34000  1.061072E-06
   3.36000  1.036006E-06
   3.38000  1.011716E-06
   3.40000  9.880476E-07
   3.42000  9.651344E-07
   3.44000  9.428862E-07
   3.46000  9.212163E-07
   3.48000  9.002254E-07
   3.50000  8.798274E-07
   3.52000  8.600005E-07
   3.54000  8.407236E-07
   3.56000  8.219224E-07
   3.58000  8.037142E-07
   3.60000  7.860233E-07
   3.62000  7.688051E-07
   3.64000  7.519661E-07
   3.66000  7.356937E-07
   3.68000  7.198194E-07
   3.70000  7.044244E-07
   3.72000  6.893978E-07
   3.74000  6.747243E-07
   3.76000  6.604873E-07
   3.78000  6.466195E-07
   3.80000  6.330692E-07
   3.82000  6.199560E-07
   3.84000  6.071307E-07
   3.86000  5.946689E-07
   3.88000  5.824792E-07
   3.90000  5.706677E-07
   3.92000  5.590262E-07
   3.94000  5.477846E-07
   3.96000  5.368486E-07
   3.98000  5.260943E-07
   4.00000  5.157043E-07
   4.02000  5.055140E-07
   4.04000  4.955914E-07
   4.06000  4.858212E-07
   4.08000  4.764076E-07
   4.10000  4.672031E-07
   4.12000  4.581923E-07
   4.14000  4.494076E-07
   4.16000  4.408118E-07
   4.18000  4.324568E-07
   4.20000  4.242676E-07
   4.22000  4.163135E-07
   4.24000  4.085126E-07
   4.26000  4.008964E-07
   4.28000  3.934225E-07
   4.30000  3.861838E-07
   4.32000  3.790757E-07
   4.34000  3.721290E-07
   4.36000  3.653491E-07
   4.38000  3.587580E-07
   4.40000  3.522776E-07
   4.42000  3.459380E-07
   4.44000  3.397576E-07
   4.46000  3.337309E-07
   4.48000  3.277980E-07
   4.50000  3.220315E-07
   4.52000  3.163830E-07
   4.54000  3.108174E-07
   4.56000  3.054042E-07
   4.58000  3.001180E-07
   4.60000  2.949240E-07
   4.62000  2.898796E-07
   4.64000  2.849391E-07
   4.66000  2.800425E-07
   4.68000  2.752920E-07
   4.70000  2.706461E-07
   4.72000  2.661015E-07
   4.74000  2.616437E-07
   4.76000  2.572809E-07
   4.78000  2.530269E-07
   4.80000  2.488337E-07
   4.82000  2.446993E-07
   4.84000  2.407085E-07
   4.86000  2.367865E-07
   4.88000  2.329378E-07
   4.90000  2.291578E-07
   4.92000  2.254659E-07
   4.94000  2.218185E-07
   4.96000  2.182690E-07
   4.98000  2.147996E-07
   5.00000  2.113826E-07
   5.02000  2.080551E-07
   5.04000  2.047619E-07
   5.06000  2.015533E-07
   5.08000  1.984134E-07
   5.10000  1.953158E-07
   5.12000  1.922720E-07
   5.14000  1.893163E-07
   5.16000  1.863957E-07
   5.18000  1.835477E-07
   5.20000  1.807561E-07
   5.22000  1.779847E-07
   5.24000  1.753139E-07
   5.26000  1.726602E-07
   5.28000  1.700564E-07
   5.30000  1.675128E-07
   5.32000  1.650156E-07
   5.34000  1.625530E-07
   5.36000  1.601555E-07
   5.38000  1.577789E-07
   5.40000  1.554747E-07
   5.42000  1.531990E-07
   5.44000  1.509508E-07
   5.46000  1.487595E-07
   5.48000  1.466230E-07
   5.50000  1.444805E-07
   5.52000  1.424198E-07
   5.54000  1.403803E-07
   5.56000  1.383798E-07
   5.58000  1.363986E-07
   5.60000  1.344640E-07
   5.62000  1.325745E-07
   5.64000  1.306913E-07
   5.66000  1.288780E-07
   5.68000  1.270689E-07
   5.70000  1.253001E-07
   5.72000  1.235439E-07
   5.74000  1.218423E-07
   5.76000  1.201674E-07
   5.78000  1.185281E-07
   5.80000  1.168883E-07
   5.82000  1.152978E-07
   5.84000  1.137397E-07
   5.86000  1.122035E-07
   5.88000  1.106883E-07
   5.90000  1.091882E-07
   5.92000  1.077222E-07
   5.94000  1.062891E-07
   5.96000  1.048827E-07
   5.98000  1.034700E-07
   6.00000  1.021103E-07
   6.02000  1.007748E-07
   6.04000  9.944464E-08
   6.06000  9.813741E-08
   6.08000  9.685639E-08
   6.10000  9.558780E-08
   6.12000  9.436517E-08
   6.14000  9.314082E-08
   6.16000  9.193933E-08
   6.18000  9.074767E-08
   6.20000  8.959803E-08
   6.22000  8.845673E-08
   6.24000  8.733507E-08
   6.26000  8.622076E-08
   6.28000  8.513332E-08
   6.30000  8.406345E-08
   6.32000  8.301043E-08
   6.34000  8.197357E-08
   6.36000  8.094144E-08
   6.38000  7.994338E-08
   6.40000  7.894074E-08
   6.42000  7.796842E-08
   6.44000  7.700115E-08
   6.46000  7.607501E-08
   6.48000  7.513238E-08
   6.50000  7.422927E-08
   6.52000  7.330927E-08
   6.54000  7.242727E-08
   6.56000  7.154545E-08
   6.58000  7.068260E-08
   6.60000  6.982865E-08
   6.62000  6.900017E-08
   6.64000  6.817179E-08
   6.66000  6.736762E-08
   6.68000  6.655384E-08
   6.70000  6.577207E-08
   6.72000  6.499636E-08
   6.74000  6.423499E-08
   6.76000  6.347889E-08
   6.78000  6.273616E-08
   6.80000  6.199799E-08
   6.82000  6.128783E-08
   6.84000  6.057399E-08
   6.86000  5.987162E-08
   6.88000  5.918747E-08
   6.90000  5.849878E-08
   6.92000  5.783463E-08
   6.94000  5.716595E-08
   6.96000  5.652127E-08
   6.98000  5.587087E-08
   7.00000  5.525079E-08
   7.02000  5.461702E-08
   7.04000  5.400522E-08
   7.06000  5.340783E-08
   7.08000  5.280334E-08
   7.10000  5.221931E-08
   7.12000  5.162780E-08
   7.14000  5.106270E-08
   7.16000  5.048961E-08
   7.18000  4.994186E-08
   7.20000  4.939224E-08
   7.22000  4.884067E-08
   7.24000  4.830645E-08
   7.26000  4.777618E-08
   7.28000  4.724963E-08
   7.30000  4.673908E-08
   7.32000  4.623157E-08
   7.34000  4.572691E-08
   7.36000  4.523700E-08
   7.38000  4.476127E-08
   7.40000  4.428736E-08
   7.42000  4.381512E-08
   7.44000  4.334440E-08
   7.46000  4.288651E-08
   7.48000  4.241739E-08
   7.50000  4.198386E-08
   7.52000  4.152744E-08
   7.54000  4.110555E-08
   7.56000  4.067156E-08
   7.58000  4.023748E-08
   7.60000  3.981386E-08
   7.62000  3.940026E-08
   7.64000  3.899630E-08
   7.66000  3.859131E-08
   7.68000  3.819539E-08
   7.70000  3.780820E-08
   7.72000  3.740794E-08
   7.74000  3.703729E-08
   7.76000  3.665322E-08
   7.78000  3.628810E-08
   7.80000  3.591902E-08
   7.82000  3.555699E-08
   7.84000  3.519233E-08
   7.86000  3.484362E-08
   7.88000  3.449189E-08
   7.90000  3.413536E-08
   7.92000  3.380464E-08
   7.94000  3.347039E-08
   7.96000  3.313073E-08
   7.98000  3.280502E-08
   8.00000  3.247543E-08
   8.02000  3.214861E-08
   8.04000  3.184724E-08
   8.06000  3.153742E-08
   8.08000  3.120650E-08
   8.10000  3.090448E-08
   8.12000  3.060807E-08
   8.14000  3.030267E-08
   8.16000  3.002084E-08
   8.18000  2.972957E-08
   8.20000  2.944325E-08
   8.22000  2.915958E-08
   8.24000  2.887389E-08
   8.26000  2.860262E-08
   8.28000  2.832883E-08
   8.30000  2.805169E-08
   8.32000  2.778893E-08
   8.34000  2.752995E-08
   8.36000  2.726033E-08
   8.38000  2.701119E-08
   8.40000  2.675111E-08
   8.42000  2.650147E-08
   8.44000  2.625716E-08
   8.46000  2.599949E-08
   8.48000  2.576996E-08
   8.50000  2.552690E-08
   8.52000  2.528833E-08
   8.54000  2.505897E-08
   8.56000  2.481780E-08
   8.58000  2.459465E-08
   8.60000  2.437252E-08
   8.62000  2.414586E-08
   8.64000  2.391990E-08
   8.66000  2.370466E-08
   8.68000  2.348962E-08
   8.70000  2.327609E-08
   8.72000  2.306762E-08
   8.74000  2.285265E-08
   8.76000  2.263898E-08
   8.78000  2.243331E-08
   8.80000  2.223462E-08
   8.82000  2.204332E-08
   8.84000  2.184423E-08
   8.86000  2.164637E-08
   8.88000  2.146063E-08
   8.90000  2.126164E-08
   8.92000  2.106883E-08
   8.94000  2.088223E-08
   8.96000  2.070693E-08
   8.98000  2.051811E-08
   9.00000  2.034845E-08
   9.02000  2.015706E-08
   9.04000  1.998981E-08
   9.06000  1.980881E-08
   9.08000  1.963814E-08
   9.10000  1.947205E-08
   9.12000  1.929760E-08
   9.14000  1.912747E-08
   9.16000  1.896695E-08
   9.18000  1.881028E-08
   9.20000  1.864507E-08
   9.22000  1.848627E-08
   9.24000  1.831832E-08
   9.26000  1.817175E-08
   9.28000  1.801576E-08
   9.30000  1.785595E-08
   9.32000  1.771125E-08
   9.34000  1.756248E-08
   9.36000  1.740876E-08
   9.38000  1.726577E-08
   9.40000  1.712217E-08
   9.42000  1.696977E-08
   9.44000  1.683568E-08
   9.46000  1.669712E-08
   9.48000  1.654855E-08
   9.50000  1.641874E-08
   9.52000  1.628307E-08
   9.54000  1.614281E-08
   9.56000  1.600800E-08
   9.58000  1.587554E-08
   9.60000  1.575238E-08
   9.62000  1.562013E-08
   9.64000  1.549271E-08
   9.66000  1.536037E-08
   9.68000  1.523664E-08
   9.70000  1.511471E-08
   9.72000  1.499014E-08
   9.74000  1.486724E-08
   9.76000  1.475107E-08
   9.78000  1.463191E-08
   9.80000  1.451418E-08
   9.82000  1.439714E-08
   9.84000  1.428138E-08
   9.86000  1.416884E-08
   9.88000  1.405464E-08
   9.90000  1.393691E-08
   9.92000  1.383039E-08
   9.94000  1.372010E-08
   9.96000  1.360789E-08
   9.98000  1.349819E-08
   10.0000  1.339281E-08
