Ni Rho=8.902, Sig=0.nm, P=1., E=7000.eV
 Angle (deg), Reflectivity
   0.000000  1.00000
   2.000000E-02  0.997824
   4.000000E-02  0.995641
   6.000000E-02  0.993439
   8.000000E-02  0.991206
   0.100000  0.988927
   0.120000  0.986589
   0.140000  0.984174
   0.160000  0.981664
   0.180000  0.979035
   0.200000  0.976260
   0.220000  0.973305
   0.240000  0.970127
   0.260000  0.966671
   0.280000  0.962863
   0.300000  0.958602
   0.320000  0.953743
   0.340000  0.948071
   0.360000  0.941247
   0.380000  0.932699
   0.400000  0.921350
   0.420000  0.904855
   0.440000  0.876631
   0.460000  0.805093
   0.480000  0.458508
   0.500000  0.251989
   0.520000  0.166618
   0.540000  0.119575
   0.560000  9.007371E-02
   0.580000  7.012585E-02
   0.600000  5.594153E-02
   0.620000  4.548021E-02
   0.640000  3.754565E-02
   0.660000  3.139181E-02
   0.680000  2.653091E-02
   0.700000  2.263198E-02
   0.720000  1.946338E-02
   0.740000  1.685892E-02
   0.760000  1.469676E-02
   0.780000  1.288589E-02
   0.800000  1.135723E-02
   0.820000  1.005758E-02
   0.840000  8.945534E-03
   0.860000  7.988400E-03
   0.880000  7.160159E-03
   0.900000  6.439894E-03
   0.920000  5.810649E-03
   0.940000  5.258592E-03
   0.960000  4.772336E-03
   0.980000  4.342448E-03
   1.00000  3.961079E-03
   1.02000  3.621655E-03
   1.04000  3.318629E-03
   1.06000  3.047331E-03
   1.08000  2.803770E-03
   1.10000  2.584540E-03
   1.12000  2.386735E-03
   1.14000  2.207843E-03
   1.16000  2.045694E-03
   1.18000  1.898415E-03
   1.20000  1.764373E-03
   1.22000  1.642139E-03
   1.24000  1.530472E-03
   1.26000  1.428279E-03
   1.28000  1.334594E-03
   1.30000  1.248571E-03
   1.32000  1.169466E-03
   1.34000  1.096603E-03
   1.36000  1.029401E-03
   1.38000  9.673309E-04
   1.40000  9.099254E-04
   1.42000  8.567630E-04
   1.44000  8.074708E-04
   1.46000  7.617111E-04
   1.48000  7.191837E-04
   1.50000  6.796126E-04
   1.52000  6.427525E-04
   1.54000  6.083813E-04
   1.56000  5.762991E-04
   1.58000  5.463241E-04
   1.60000  5.182902E-04
   1.62000  4.920469E-04
   1.64000  4.674595E-04
   1.66000  4.443999E-04
   1.68000  4.227580E-04
   1.70000  4.024263E-04
   1.72000  3.833131E-04
   1.74000  3.653298E-04
   1.76000  3.483967E-04
   1.78000  3.324394E-04
   1.80000  3.173920E-04
   1.82000  3.031931E-04
   1.84000  2.897849E-04
   1.86000  2.771139E-04
   1.88000  2.651343E-04
   1.90000  2.537984E-04
   1.92000  2.430647E-04
   1.94000  2.328958E-04
   1.96000  2.232578E-04
   1.98000  2.141151E-04
   2.00000  2.054396E-04
   2.02000  1.971997E-04
   2.04000  1.893722E-04
   2.06000  1.819322E-04
   2.08000  1.748542E-04
   2.10000  1.681196E-04
   2.12000  1.617092E-04
   2.14000  1.556011E-04
   2.16000  1.497813E-04
   2.18000  1.442314E-04
   2.20000  1.389388E-04
   2.22000  1.338861E-04
   2.24000  1.290634E-04
   2.26000  1.244566E-04
   2.28000  1.200542E-04
   2.30000  1.158463E-04
   2.32000  1.118220E-04
   2.34000  1.079713E-04
   2.36000  1.042851E-04
   2.38000  1.007565E-04
   2.40000  9.737603E-05
   2.42000  9.413700E-05
   2.44000  9.103172E-05
   2.46000  8.805399E-05
   2.48000  8.519721E-05
   2.50000  8.245624E-05
   2.52000  7.982519E-05
   2.54000  7.729857E-05
   2.56000  7.487132E-05
   2.58000  7.253882E-05
   2.60000  7.029681E-05
   2.62000  6.814204E-05
   2.64000  6.606884E-05
   2.66000  6.407351E-05
   2.68000  6.215401E-05
   2.70000  6.030563E-05
   2.72000  5.852582E-05
   2.74000  5.681152E-05
   2.76000  5.515964E-05
   2.78000  5.356762E-05
   2.80000  5.203248E-05
   2.82000  5.055267E-05
   2.84000  4.912545E-05
   2.86000  4.774754E-05
   2.88000  4.641820E-05
   2.90000  4.513508E-05
   2.92000  4.389587E-05
   2.94000  4.269911E-05
   2.96000  4.154322E-05
   2.98000  4.042602E-05
   3.00000  3.934638E-05
   3.02000  3.830250E-05
   3.04000  3.729337E-05
   3.06000  3.631677E-05
   3.08000  3.537249E-05
   3.10000  3.445900E-05
   3.12000  3.357431E-05
   3.14000  3.271831E-05
   3.16000  3.188949E-05
   3.18000  3.108661E-05
   3.20000  3.030924E-05
   3.22000  2.955564E-05
   3.24000  2.882574E-05
   3.26000  2.811824E-05
   3.28000  2.743230E-05
   3.30000  2.676712E-05
   3.32000  2.612213E-05
   3.34000  2.549655E-05
   3.36000  2.488955E-05
   3.38000  2.430076E-05
   3.40000  2.372889E-05
   3.42000  2.317411E-05
   3.44000  2.263551E-05
   3.46000  2.211221E-05
   3.48000  2.160427E-05
   3.50000  2.111087E-05
   3.52000  2.063149E-05
   3.54000  2.016564E-05
   3.56000  1.971259E-05
   3.58000  1.927257E-05
   3.60000  1.884486E-05
   3.62000  1.842893E-05
   3.64000  1.802399E-05
   3.66000  1.763067E-05
   3.68000  1.724784E-05
   3.70000  1.687564E-05
   3.72000  1.651324E-05
   3.74000  1.616032E-05
   3.76000  1.581703E-05
   3.78000  1.548281E-05
   3.80000  1.515716E-05
   3.82000  1.484047E-05
   3.84000  1.453178E-05
   3.86000  1.423125E-05
   3.88000  1.393824E-05
   3.90000  1.365308E-05
   3.92000  1.337457E-05
   3.94000  1.310365E-05
   3.96000  1.283969E-05
   3.98000  1.258191E-05
   4.00000  1.233105E-05
   4.02000  1.208616E-05
   4.04000  1.184742E-05
   4.06000  1.161411E-05
   4.08000  1.138710E-05
   4.10000  1.116554E-05
   4.12000  1.094921E-05
   4.14000  1.073816E-05
   4.16000  1.053208E-05
   4.18000  1.033110E-05
   4.20000  1.013476E-05
   4.22000  9.943269E-06
   4.24000  9.756132E-06
   4.26000  9.573401E-06
   4.28000  9.394768E-06
   4.30000  9.220593E-06
   4.32000  9.050273E-06
   4.34000  8.883867E-06
   4.36000  8.721314E-06
   4.38000  8.562644E-06
   4.40000  8.407393E-06
   4.42000  8.255626E-06
   4.44000  8.107359E-06
   4.46000  7.962492E-06
   4.48000  7.820662E-06
   4.50000  7.682154E-06
   4.52000  7.546664E-06
   4.54000  7.413956E-06
   4.56000  7.284309E-06
   4.58000  7.157535E-06
   4.60000  7.033407E-06
   4.62000  6.912147E-06
   4.64000  6.793479E-06
   4.66000  6.677053E-06
   4.68000  6.563318E-06
   4.70000  6.452020E-06
   4.72000  6.343093E-06
   4.74000  6.236421E-06
   4.76000  6.131996E-06
   4.78000  6.029841E-06
   4.80000  5.929678E-06
   4.82000  5.831455E-06
   4.84000  5.735545E-06
   4.86000  5.641544E-06
   4.88000  5.549431E-06
   4.90000  5.459152E-06
   4.92000  5.370762E-06
   4.94000  5.284013E-06
   4.96000  5.199131E-06
   4.98000  5.115997E-06
   5.00000  5.034442E-06
   5.02000  4.954614E-06
   5.04000  4.876215E-06
   5.06000  4.799460E-06
   5.08000  4.724242E-06
   5.10000  4.650403E-06
   5.12000  4.577974E-06
   5.14000  4.507095E-06
   5.16000  4.437478E-06
   5.18000  4.369285E-06
   5.20000  4.302410E-06
   5.22000  4.236653E-06
   5.24000  4.172382E-06
   5.26000  4.109168E-06
   5.28000  4.047148E-06
   5.30000  3.986353E-06
   5.32000  3.926692E-06
   5.34000  3.868087E-06
   5.36000  3.810669E-06
   5.38000  3.754200E-06
   5.40000  3.698915E-06
   5.42000  3.644582E-06
   5.44000  3.591176E-06
   5.46000  3.538824E-06
   5.48000  3.487499E-06
   5.50000  3.436887E-06
   5.52000  3.387400E-06
   5.54000  3.338728E-06
   5.56000  3.290942E-06
   5.58000  3.243930E-06
   5.60000  3.197812E-06
   5.62000  3.152564E-06
   5.64000  3.107986E-06
   5.66000  3.064373E-06
   5.68000  3.021393E-06
   5.70000  2.979206E-06
   5.72000  2.937667E-06
   5.74000  2.896967E-06
   5.76000  2.856960E-06
   5.78000  2.817676E-06
   5.80000  2.778928E-06
   5.82000  2.740948E-06
   5.84000  2.703642E-06
   5.86000  2.666950E-06
   5.88000  2.630855E-06
   5.90000  2.595320E-06
   5.92000  2.560426E-06
   5.94000  2.526160E-06
   5.96000  2.492480E-06
   5.98000  2.459218E-06
   6.00000  2.426652E-06
   6.02000  2.394635E-06
   6.04000  2.363065E-06
   6.06000  2.332020E-06
   6.08000  2.301507E-06
   6.10000  2.271453E-06
   6.12000  2.242012E-06
   6.14000  2.212943E-06
   6.16000  2.184361E-06
   6.18000  2.156193E-06
   6.20000  2.128590E-06
   6.22000  2.101380E-06
   6.24000  2.074613E-06
   6.26000  2.048221E-06
   6.28000  2.022292E-06
   6.30000  1.996776E-06
   6.32000  1.971663E-06
   6.34000  1.946943E-06
   6.36000  1.922554E-06
   6.38000  1.898634E-06
   6.40000  1.874989E-06
   6.42000  1.851783E-06
   6.44000  1.828887E-06
   6.46000  1.806474E-06
   6.48000  1.784255E-06
   6.50000  1.762499E-06
   6.52000  1.740926E-06
   6.54000  1.719800E-06
   6.56000  1.698930E-06
   6.58000  1.678403E-06
   6.60000  1.658167E-06
   6.62000  1.638297E-06
   6.64000  1.618666E-06
   6.66000  1.599385E-06
   6.68000  1.580288E-06
   6.70000  1.561571E-06
   6.72000  1.543106E-06
   6.74000  1.524927E-06
   6.76000  1.506988E-06
   6.78000  1.489324E-06
   6.80000  1.471887E-06
   6.82000  1.454790E-06
   6.84000  1.437873E-06
   6.86000  1.421208E-06
   6.88000  1.404823E-06
   6.90000  1.388605E-06
   6.92000  1.372692E-06
   6.94000  1.356938E-06
   6.96000  1.341481E-06
   6.98000  1.326172E-06
   7.00000  1.311184E-06
   7.02000  1.296298E-06
   7.04000  1.281687E-06
   7.06000  1.267311E-06
   7.08000  1.253061E-06
   7.10000  1.239069E-06
   7.12000  1.225198E-06
   7.14000  1.211608E-06
   7.16000  1.198130E-06
   7.18000  1.184924E-06
   7.20000  1.171856E-06
   7.22000  1.158920E-06
   7.24000  1.146211E-06
   7.26000  1.133659E-06
   7.28000  1.121262E-06
   7.30000  1.109078E-06
   7.32000  1.097040E-06
   7.34000  1.085146E-06
   7.36000  1.073451E-06
   7.38000  1.061952E-06
   7.40000  1.050585E-06
   7.42000  1.039348E-06
   7.44000  1.028237E-06
   7.46000  1.017307E-06
   7.48000  1.006439E-06
   7.50000  9.958577E-07
   7.52000  9.852772E-07
   7.54000  9.749755E-07
   7.56000  9.647235E-07
   7.58000  9.545780E-07
   7.60000  9.445887E-07
   7.62000  9.347520E-07
   7.64000  9.250643E-07
   7.66000  9.154719E-07
   7.68000  9.060226E-07
   7.70000  8.967132E-07
   7.72000  8.874358E-07
   7.74000  8.783971E-07
   7.76000  8.693860E-07
   7.78000  8.605584E-07
   7.80000  8.518018E-07
   7.82000  8.431681E-07
   7.84000  8.346088E-07
   7.86000  8.262134E-07
   7.88000  8.178877E-07
   7.90000  8.096221E-07
   7.92000  8.015645E-07
   7.94000  7.935703E-07
   7.96000  7.856296E-07
   7.98000  7.778354E-07
   8.00000  7.700995E-07
   8.02000  7.624533E-07
   8.04000  7.550060E-07
   8.06000  7.475917E-07
   8.08000  7.401470E-07
   8.10000  7.329152E-07
   8.12000  7.257811E-07
   8.14000  7.186730E-07
   8.16000  7.117482E-07
   8.18000  7.048453E-07
   8.20000  6.980328E-07
   8.22000  6.912989E-07
   8.24000  6.846201E-07
   8.26000  6.780750E-07
   8.28000  6.715808E-07
   8.30000  6.651318E-07
   8.32000  6.588143E-07
   8.34000  6.525751E-07
   8.36000  6.463435E-07
   8.38000  6.402699E-07
   8.40000  6.342009E-07
   8.42000  6.282394E-07
   8.44000  6.223600E-07
   8.46000  6.164705E-07
   8.48000  6.107728E-07
   8.50000  6.050625E-07
   8.52000  5.994272E-07
   8.54000  5.938888E-07
   8.56000  5.883444E-07
   8.58000  5.829384E-07
   8.60000  5.775875E-07
   8.62000  5.722637E-07
   8.64000  5.669921E-07
   8.66000  5.618205E-07
   8.68000  5.566973E-07
   8.70000  5.516280E-07
   8.72000  5.466293E-07
   8.74000  5.416446E-07
   8.76000  5.367107E-07
   8.78000  5.318601E-07
   8.80000  5.270869E-07
   8.82000  5.223927E-07
   8.84000  5.177029E-07
   8.86000  5.130610E-07
   8.88000  5.085193E-07
   8.90000  5.039538E-07
   8.92000  4.994584E-07
   8.94000  4.950330E-07
   8.96000  4.907016E-07
   8.98000  4.863430E-07
   9.00000  4.821156E-07
   9.02000  4.778200E-07
   9.04000  4.736790E-07
   9.06000  4.695077E-07
   9.08000  4.654226E-07
   9.10000  4.613955E-07
   9.12000  4.573626E-07
   9.14000  4.533857E-07
   9.16000  4.494896E-07
   9.18000  4.456462E-07
   9.20000  4.417943E-07
   9.22000  4.380066E-07
   9.24000  4.342069E-07
   9.26000  4.305432E-07
   9.28000  4.268655E-07
   9.30000  4.232002E-07
   9.32000  4.196394E-07
   9.34000  4.160892E-07
   9.36000  4.125451E-07
   9.38000  4.090826E-07
   9.40000  4.056467E-07
   9.42000  4.021967E-07
   9.44000  3.988644E-07
   9.46000  3.955386E-07
   9.48000  3.921919E-07
   9.50000  3.889638E-07
   9.52000  3.857346E-07
   9.54000  3.825096E-07
   9.56000  3.793378E-07
   9.58000  3.762034E-07
   9.60000  3.731402E-07
   9.62000  3.700581E-07
   9.64000  3.670248E-07
   9.66000  3.639923E-07
   9.68000  3.610264E-07
   9.70000  3.580933E-07
   9.72000  3.551715E-07
   9.74000  3.522813E-07
   9.76000  3.494473E-07
   9.78000  3.466219E-07
   9.80000  3.438261E-07
   9.82000  3.410564E-07
   9.84000  3.383149E-07
   9.86000  3.356112E-07
   9.88000  3.329211E-07
   9.90000  3.302353E-07
   9.92000  3.276252E-07
   9.94000  3.250177E-07
   9.96000  3.224215E-07
   9.98000  3.198580E-07
   10.0000  3.173357E-07
