Ni Rho=8.902, Sig=0.nm, P=1., E=30000.eV
 Angle (deg), Reflectivity
   0.000000  1.00000
   2.000000E-02  0.994777
   4.000000E-02  0.989049
   6.000000E-02  0.981970
   8.000000E-02  0.971447
   0.100000  0.947592
   0.120000  0.270523
   0.140000  6.997772E-02
   0.160000  3.056388E-02
   0.180000  1.616793E-02
   0.200000  9.541215E-03
   0.220000  6.058232E-03
   0.240000  4.057533E-03
   0.260000  2.831420E-03
   0.280000  2.041633E-03
   0.300000  1.512275E-03
   0.320000  1.145699E-03
   0.340000  8.848079E-04
   0.360000  6.947575E-04
   0.380000  5.534923E-04
   0.400000  4.466235E-04
   0.420000  3.645096E-04
   0.440000  3.005400E-04
   0.460000  2.500819E-04
   0.480000  2.098341E-04
   0.500000  1.774042E-04
   0.520000  1.510321E-04
   0.540000  1.294017E-04
   0.560000  1.115228E-04
   0.580000  9.663879E-05
   0.600000  8.416460E-05
   0.620000  7.364617E-05
   0.640000  6.472540E-05
   0.660000  5.711926E-05
   0.680000  5.060089E-05
   0.700000  4.498886E-05
   0.720000  4.013519E-05
   0.740000  3.592040E-05
   0.760000  3.224550E-05
   0.780000  2.903031E-05
   0.800000  2.620661E-05
   0.820000  2.371825E-05
   0.840000  2.151907E-05
   0.860000  1.956941E-05
   0.880000  1.783621E-05
   0.900000  1.629087E-05
   0.920000  1.490928E-05
   0.940000  1.367151E-05
   0.960000  1.255991E-05
   0.980000  1.155894E-05
   1.00000  1.065598E-05
   1.02000  9.839650E-06
   1.04000  9.099707E-06
   1.06000  8.428526E-06
   1.08000  7.818178E-06
   1.10000  7.261930E-06
   1.12000  6.754462E-06
   1.14000  6.290653E-06
   1.16000  5.865836E-06
   1.18000  5.476409E-06
   1.20000  5.118879E-06
   1.22000  4.789937E-06
   1.24000  4.487089E-06
   1.26000  4.207919E-06
   1.28000  3.950007E-06
   1.30000  3.711533E-06
   1.32000  3.491053E-06
   1.34000  3.286430E-06
   1.36000  3.096711E-06
   1.38000  2.920520E-06
   1.40000  2.756702E-06
   1.42000  2.604143E-06
   1.44000  2.462033E-06
   1.46000  2.329475E-06
   1.48000  2.205851E-06
   1.50000  2.090261E-06
   1.52000  1.982115E-06
   1.54000  1.880839E-06
   1.56000  1.785958E-06
   1.58000  1.697028E-06
   1.60000  1.613564E-06
   1.62000  1.535152E-06
   1.64000  1.461522E-06
   1.66000  1.392164E-06
   1.68000  1.326961E-06
   1.70000  1.265437E-06
   1.72000  1.207511E-06
   1.74000  1.152863E-06
   1.76000  1.101274E-06
   1.78000  1.052470E-06
   1.80000  1.006358E-06
   1.82000  9.627867E-07
   1.84000  9.215588E-07
   1.86000  8.824696E-07
   1.88000  8.455336E-07
   1.90000  8.104634E-07
   1.92000  7.771379E-07
   1.94000  7.454991E-07
   1.96000  7.155348E-07
   1.98000  6.870019E-07
   2.00000  6.599484E-07
   2.02000  6.341058E-07
   2.04000  6.095760E-07
   2.06000  5.862698E-07
   2.08000  5.639690E-07
   2.10000  5.427569E-07
   2.12000  5.226106E-07
   2.14000  5.032840E-07
   2.16000  4.849102E-07
   2.18000  4.673115E-07
   2.20000  4.505805E-07
   2.22000  4.344868E-07
   2.24000  4.191826E-07
   2.26000  4.045258E-07
   2.28000  3.904934E-07
   2.30000  3.770967E-07
   2.32000  3.642785E-07
   2.34000  3.519744E-07
   2.36000  3.401572E-07
   2.38000  3.288850E-07
   2.40000  3.180465E-07
   2.42000  3.076684E-07
   2.44000  2.976913E-07
   2.46000  2.881170E-07
   2.48000  2.789074E-07
   2.50000  2.700882E-07
   2.52000  2.616235E-07
   2.54000  2.534829E-07
   2.56000  2.456474E-07
   2.58000  2.381042E-07
   2.60000  2.308509E-07
   2.62000  2.239261E-07
   2.64000  2.172227E-07
   2.66000  2.107309E-07
   2.68000  2.045256E-07
   2.70000  1.985212E-07
   2.72000  1.927430E-07
   2.74000  1.871794E-07
   2.76000  1.818095E-07
   2.78000  1.766341E-07
   2.80000  1.716231E-07
   2.82000  1.668197E-07
   2.84000  1.621940E-07
   2.86000  1.576784E-07
   2.88000  1.533448E-07
   2.90000  1.491663E-07
   2.92000  1.451143E-07
   2.94000  1.412039E-07
   2.96000  1.374393E-07
   2.98000  1.337827E-07
   3.00000  1.302546E-07
   3.02000  1.268338E-07
   3.04000  1.235401E-07
   3.06000  1.203190E-07
   3.08000  1.172289E-07
   3.10000  1.142500E-07
   3.12000  1.113313E-07
   3.14000  1.085281E-07
   3.16000  1.058129E-07
   3.18000  1.031694E-07
   3.20000  1.006277E-07
   3.22000  9.813883E-08
   3.24000  9.574632E-08
   3.26000  9.342310E-08
   3.28000  9.116609E-08
   3.30000  8.897231E-08
   3.32000  8.684924E-08
   3.34000  8.479211E-08
   3.36000  8.279088E-08
   3.38000  8.085965E-08
   3.40000  7.895996E-08
   3.42000  7.713444E-08
   3.44000  7.536253E-08
   3.46000  7.362441E-08
   3.48000  7.195286E-08
   3.50000  7.032791E-08
   3.52000  6.874746E-08
   3.54000  6.720953E-08
   3.56000  6.569687E-08
   3.58000  6.424627E-08
   3.60000  6.283988E-08
   3.62000  6.146841E-08
   3.64000  6.010864E-08
   3.66000  5.881673E-08
   3.68000  5.754805E-08
   3.70000  5.632835E-08
   3.72000  5.512916E-08
   3.74000  5.394869E-08
   3.76000  5.281323E-08
   3.78000  5.170612E-08
   3.80000  5.061519E-08
   3.82000  4.957653E-08
   3.84000  4.855022E-08
   3.86000  4.755969E-08
   3.88000  4.658122E-08
   3.90000  4.564678E-08
   3.92000  4.469941E-08
   3.94000  4.380597E-08
   3.96000  4.294159E-08
   3.98000  4.207293E-08
   4.00000  4.125332E-08
   4.02000  4.043778E-08
   4.04000  3.964708E-08
   4.06000  3.885014E-08
   4.08000  3.810614E-08
   4.10000  3.737480E-08
   4.12000  3.665305E-08
   4.14000  3.595137E-08
   4.16000  3.526051E-08
   4.18000  3.459638E-08
   4.20000  3.393891E-08
   4.22000  3.330889E-08
   4.24000  3.268421E-08
   4.26000  3.207485E-08
   4.28000  3.146983E-08
   4.30000  3.089648E-08
   4.32000  3.032612E-08
   4.34000  2.976845E-08
   4.36000  2.922588E-08
   4.38000  2.870548E-08
   4.40000  2.818600E-08
   4.42000  2.767684E-08
   4.44000  2.718393E-08
   4.46000  2.670652E-08
   4.48000  2.622841E-08
   4.50000  2.577083E-08
   4.52000  2.532084E-08
   4.54000  2.486913E-08
   4.56000  2.443608E-08
   4.58000  2.401511E-08
   4.60000  2.359696E-08
   4.62000  2.319857E-08
   4.64000  2.280749E-08
   4.66000  2.240735E-08
   4.68000  2.202762E-08
   4.70000  2.165708E-08
   4.72000  2.129531E-08
   4.74000  2.093874E-08
   4.76000  2.059013E-08
   4.78000  2.025389E-08
   4.80000  1.991686E-08
   4.82000  1.957895E-08
   4.84000  1.926458E-08
   4.86000  1.895302E-08
   4.88000  1.864594E-08
   4.90000  1.834243E-08
   4.92000  1.804836E-08
   4.94000  1.775175E-08
   4.96000  1.746811E-08
   4.98000  1.719276E-08
   5.00000  1.691818E-08
   5.02000  1.665520E-08
   5.04000  1.638853E-08
   5.06000  1.613276E-08
   5.08000  1.588362E-08
   5.10000  1.563401E-08
   5.12000  1.538745E-08
   5.14000  1.515391E-08
   5.16000  1.491870E-08
   5.18000  1.469268E-08
   5.20000  1.447153E-08
   5.22000  1.424526E-08
   5.24000  1.403686E-08
   5.26000  1.382293E-08
   5.28000  1.361303E-08
   5.30000  1.341028E-08
   5.32000  1.321101E-08
   5.34000  1.301205E-08
   5.36000  1.282230E-08
   5.38000  1.262943E-08
   5.40000  1.244819E-08
   5.42000  1.226639E-08
   5.44000  1.208394E-08
   5.46000  1.190929E-08
   5.48000  1.174209E-08
   5.50000  1.156528E-08
   5.52000  1.140386E-08
   5.54000  1.124089E-08
   5.56000  1.108154E-08
   5.58000  1.092040E-08
   5.60000  1.076536E-08
   5.62000  1.061614E-08
   5.64000  1.046189E-08
   5.66000  1.032079E-08
   5.68000  1.017436E-08
   5.70000  1.003294E-08
   5.72000  9.888860E-09
   5.74000  9.754083E-09
   5.76000  9.620921E-09
   5.78000  9.491939E-09
   5.80000  9.357085E-09
   5.82000  9.230546E-09
   5.84000  9.107665E-09
   5.86000  8.985585E-09
   5.88000  8.864176E-09
   5.90000  8.741850E-09
   5.92000  8.624106E-09
   5.94000  8.510669E-09
   5.96000  8.399931E-09
   5.98000  8.282645E-09
   6.00000  8.175657E-09
   6.02000  8.070930E-09
   6.04000  7.963217E-09
   6.06000  7.857585E-09
   6.08000  7.755046E-09
   6.10000  7.651784E-09
   6.12000  7.557375E-09
   6.14000  7.458405E-09
   6.16000  7.361904E-09
   6.18000  7.264268E-09
   6.20000  7.174681E-09
   6.22000  7.083686E-09
   6.24000  6.994548E-09
   6.26000  6.903862E-09
   6.28000  6.817229E-09
   6.30000  6.732074E-09
   6.32000  6.648262E-09
   6.34000  6.565665E-09
   6.36000  6.481105E-09
   6.38000  6.402959E-09
   6.40000  6.320335E-09
   6.42000  6.243183E-09
   6.44000  6.164398E-09
   6.46000  6.094254E-09
   6.48000  6.016494E-09
   6.50000  5.947030E-09
   6.52000  5.869941E-09
   6.54000  5.800820E-09
   6.56000  5.729017E-09
   6.58000  5.659894E-09
   6.60000  5.590652E-09
   6.62000  5.526029E-09
   6.64000  5.458888E-09
   6.66000  5.396103E-09
   6.68000  5.328143E-09
   6.70000  5.266835E-09
   6.72000  5.204873E-09
   6.74000  5.144642E-09
   6.76000  5.083621E-09
   6.78000  5.024141E-09
   6.80000  4.963746E-09
   6.82000  4.909114E-09
   6.84000  4.851309E-09
   6.86000  4.794661E-09
   6.88000  4.741117E-09
   6.90000  4.684266E-09
   6.92000  4.632384E-09
   6.94000  4.577261E-09
   6.96000  4.527019E-09
   6.98000  4.473269E-09
   7.00000  4.426254E-09
   7.02000  4.373539E-09
   7.04000  4.325258E-09
   7.06000  4.279296E-09
   7.08000  4.229592E-09
   7.10000  4.183982E-09
   7.12000  4.134576E-09
   7.14000  4.091011E-09
   7.16000  4.043562E-09
   7.18000  4.001699E-09
   7.20000  3.957741E-09
   7.22000  3.911692E-09
   7.24000  3.869044E-09
   7.26000  3.826026E-09
   7.28000  3.782602E-09
   7.30000  3.742264E-09
   7.32000  3.701373E-09
   7.34000  3.659899E-09
   7.36000  3.621228E-09
   7.38000  3.585224E-09
   7.40000  3.548409E-09
   7.42000  3.510763E-09
   7.44000  3.472264E-09
   7.46000  3.436134E-09
   7.48000  3.395579E-09
   7.50000  3.363879E-09
   7.52000  3.324494E-09
   7.54000  3.293703E-09
   7.56000  3.258316E-09
   7.58000  3.221757E-09
   7.60000  3.187027E-09
   7.62000  3.154027E-09
   7.64000  3.122660E-09
   7.66000  3.089921E-09
   7.68000  3.058695E-09
   7.70000  3.028893E-09
   7.72000  2.994360E-09
   7.74000  2.967204E-09
   7.76000  2.935247E-09
   7.78000  2.907678E-09
   7.80000  2.878017E-09
   7.82000  2.849403E-09
   7.84000  2.819107E-09
   7.86000  2.792404E-09
   7.88000  2.763939E-09
   7.90000  2.733215E-09
   7.92000  2.708922E-09
   7.94000  2.682760E-09
   7.96000  2.654210E-09
   7.98000  2.628767E-09
   8.00000  2.601397E-09
   8.02000  2.573989E-09
   8.04000  2.552990E-09
   8.06000  2.528798E-09
   8.08000  2.497850E-09
   8.10000  2.474318E-09
   8.12000  2.451616E-09
   8.14000  2.425616E-09
   8.16000  2.405557E-09
   8.18000  2.382096E-09
   8.20000  2.359326E-09
   8.22000  2.336598E-09
   8.24000  2.312603E-09
   8.26000  2.292009E-09
   8.28000  2.270020E-09
   8.30000  2.246422E-09
   8.32000  2.226239E-09
   8.34000  2.206482E-09
   8.36000  2.183072E-09
   8.38000  2.164835E-09
   8.40000  2.142880E-09
   8.42000  2.123273E-09
   8.44000  2.104572E-09
   8.46000  2.081493E-09
   8.48000  2.065802E-09
   8.50000  2.045699E-09
   8.52000  2.026301E-09
   8.54000  2.008950E-09
   8.56000  1.987700E-09
   8.58000  1.971013E-09
   8.60000  1.954072E-09
   8.62000  1.935321E-09
   8.64000  1.916244E-09
   8.66000  1.899688E-09
   8.68000  1.882679E-09
   8.70000  1.865600E-09
   8.72000  1.849456E-09
   8.74000  1.830982E-09
   8.76000  1.812400E-09
   8.78000  1.795605E-09
   8.80000  1.780320E-09
   8.82000  1.766664E-09
   8.84000  1.750349E-09
   8.86000  1.733931E-09
   8.88000  1.720504E-09
   8.90000  1.702884E-09
   8.92000  1.686585E-09
   8.94000  1.671616E-09
   8.96000  1.659431E-09
   8.98000  1.642999E-09
   9.00000  1.631589E-09
   9.02000  1.613614E-09
   9.04000  1.602082E-09
   9.06000  1.586263E-09
   9.08000  1.572981E-09
   9.10000  1.560613E-09
   9.12000  1.545498E-09
   9.14000  1.531236E-09
   9.16000  1.519328E-09
   9.18000  1.508146E-09
   9.20000  1.494186E-09
   9.22000  1.481688E-09
   9.24000  1.466251E-09
   9.26000  1.456523E-09
   9.28000  1.443786E-09
   9.30000  1.429632E-09
   9.32000  1.419424E-09
   9.34000  1.407739E-09
   9.36000  1.394326E-09
   9.38000  1.383636E-09
   9.40000  1.372455E-09
   9.42000  1.358473E-09
   9.44000  1.349367E-09
   9.46000  1.338694E-09
   9.48000  1.324885E-09
   9.50000  1.316094E-09
   9.52000  1.305352E-09
   9.54000  1.293019E-09
   9.56000  1.281948E-09
   9.58000  1.271261E-09
   9.60000  1.262928E-09
   9.62000  1.251751E-09
   9.64000  1.241666E-09
   9.66000  1.229922E-09
   9.68000  1.220353E-09
   9.70000  1.211032E-09
   9.72000  1.200706E-09
   9.74000  1.190601E-09
   9.76000  1.182148E-09
   9.78000  1.172600E-09
   9.80000  1.163211E-09
   9.82000  1.153776E-09
   9.84000  1.144463E-09
   9.86000  1.135828E-09
   9.88000  1.126487E-09
   9.90000  1.115914E-09
   9.92000  1.108290E-09
   9.94000  1.099372E-09
   9.96000  1.089690E-09
   9.98000  1.080496E-09
   10.0000  1.072311E-09
