Ni Rho=8.902, Sig=0.nm, P=1., E=1000.eV
 Angle (deg), Reflectivity
   0.000000  1.00000
   2.000000E-02  0.991481
   4.000000E-02  0.983034
   6.000000E-02  0.974658
   8.000000E-02  0.966350
   0.100000  0.958109
   0.120000  0.949934
   0.140000  0.941824
   0.160000  0.933777
   0.180000  0.925793
   0.200000  0.917868
   0.220000  0.910004
   0.240000  0.902197
   0.260000  0.894448
   0.280000  0.886755
   0.300000  0.879116
   0.320000  0.871531
   0.340000  0.863999
   0.360000  0.856518
   0.380000  0.849088
   0.400000  0.841707
   0.420000  0.834375
   0.440000  0.827090
   0.460000  0.819852
   0.480000  0.812660
   0.500000  0.805512
   0.520000  0.798408
   0.540000  0.791347
   0.560000  0.784329
   0.580000  0.777351
   0.600000  0.770414
   0.620000  0.763517
   0.640000  0.756658
   0.660000  0.749838
   0.680000  0.743054
   0.700000  0.736308
   0.720000  0.729597
   0.740000  0.722921
   0.760000  0.716280
   0.780000  0.709672
   0.800000  0.703098
   0.820000  0.696556
   0.840000  0.690046
   0.860000  0.683566
   0.880000  0.677118
   0.900000  0.670699
   0.920000  0.664309
   0.940000  0.657948
   0.960000  0.651616
   0.980000  0.645311
   1.00000  0.639033
   1.02000  0.632782
   1.04000  0.626556
   1.06000  0.620356
   1.08000  0.614181
   1.10000  0.608031
   1.12000  0.601905
   1.14000  0.595802
   1.16000  0.589722
   1.18000  0.583665
   1.20000  0.577631
   1.22000  0.571618
   1.24000  0.565627
   1.26000  0.559657
   1.28000  0.553708
   1.30000  0.547779
   1.32000  0.541870
   1.34000  0.535981
   1.36000  0.530111
   1.38000  0.524260
   1.40000  0.518428
   1.42000  0.512614
   1.44000  0.506819
   1.46000  0.501042
   1.48000  0.495282
   1.50000  0.489540
   1.52000  0.483815
   1.54000  0.478108
   1.56000  0.472417
   1.58000  0.466743
   1.60000  0.461086
   1.62000  0.455446
   1.64000  0.449821
   1.66000  0.444214
   1.68000  0.438622
   1.70000  0.433047
   1.72000  0.427488
   1.74000  0.421946
   1.76000  0.416420
   1.78000  0.410910
   1.80000  0.405416
   1.82000  0.399939
   1.84000  0.394479
   1.86000  0.389035
   1.88000  0.383609
   1.90000  0.378199
   1.92000  0.372808
   1.94000  0.367433
   1.96000  0.362077
   1.98000  0.356739
   2.00000  0.351420
   2.02000  0.346120
   2.04000  0.340839
   2.06000  0.335579
   2.08000  0.330339
   2.10000  0.325120
   2.12000  0.319922
   2.14000  0.314747
   2.16000  0.309595
   2.18000  0.304466
   2.20000  0.299361
   2.22000  0.294282
   2.24000  0.289229
   2.26000  0.284202
   2.28000  0.279203
   2.30000  0.274232
   2.32000  0.269291
   2.34000  0.264381
   2.36000  0.259502
   2.38000  0.254656
   2.40000  0.249844
   2.42000  0.245066
   2.44000  0.240325
   2.46000  0.235621
   2.48000  0.230955
   2.50000  0.226330
   2.52000  0.221745
   2.54000  0.217203
   2.56000  0.212704
   2.58000  0.208250
   2.60000  0.203843
   2.62000  0.199483
   2.64000  0.195172
   2.66000  0.190911
   2.68000  0.186701
   2.70000  0.182545
   2.72000  0.178442
   2.74000  0.174394
   2.76000  0.170402
   2.78000  0.166467
   2.80000  0.162591
   2.82000  0.158774
   2.84000  0.155018
   2.86000  0.151322
   2.88000  0.147689
   2.90000  0.144118
   2.92000  0.140610
   2.94000  0.137167
   2.96000  0.133787
   2.98000  0.130473
   3.00000  0.127223
   3.02000  0.124039
   3.04000  0.120920
   3.06000  0.117867
   3.08000  0.114879
   3.10000  0.111956
   3.12000  0.109099
   3.14000  0.106306
   3.16000  0.103578
   3.18000  0.100914
   3.20000  9.831300E-02
   3.22000  9.577513E-02
   3.24000  9.329952E-02
   3.26000  9.088543E-02
   3.28000  8.853208E-02
   3.30000  8.623865E-02
   3.32000  8.400425E-02
   3.34000  8.182795E-02
   3.36000  7.970882E-02
   3.38000  7.764585E-02
   3.40000  7.563799E-02
   3.42000  7.368421E-02
   3.44000  7.178343E-02
   3.46000  6.993453E-02
   3.48000  6.813645E-02
   3.50000  6.638804E-02
   3.52000  6.468818E-02
   3.54000  6.303571E-02
   3.56000  6.142951E-02
   3.58000  5.986847E-02
   3.60000  5.835145E-02
   3.62000  5.687732E-02
   3.64000  5.544495E-02
   3.66000  5.405327E-02
   3.68000  5.270116E-02
   3.70000  5.138759E-02
   3.72000  5.011144E-02
   3.74000  4.887170E-02
   3.76000  4.766733E-02
   3.78000  4.649735E-02
   3.80000  4.536074E-02
   3.82000  4.425655E-02
   3.84000  4.318382E-02
   3.86000  4.214165E-02
   3.88000  4.112910E-02
   3.90000  4.014532E-02
   3.92000  3.918941E-02
   3.94000  3.826057E-02
   3.96000  3.735798E-02
   3.98000  3.648081E-02
   4.00000  3.562833E-02
   4.02000  3.479975E-02
   4.04000  3.399437E-02
   4.06000  3.321144E-02
   4.08000  3.245033E-02
   4.10000  3.171033E-02
   4.12000  3.099079E-02
   4.14000  3.029110E-02
   4.16000  2.961062E-02
   4.18000  2.894880E-02
   4.20000  2.830504E-02
   4.22000  2.767878E-02
   4.24000  2.706949E-02
   4.26000  2.647665E-02
   4.28000  2.589975E-02
   4.30000  2.533832E-02
   4.32000  2.479187E-02
   4.34000  2.425994E-02
   4.36000  2.374208E-02
   4.38000  2.323789E-02
   4.40000  2.274694E-02
   4.42000  2.226883E-02
   4.44000  2.180316E-02
   4.46000  2.134958E-02
   4.48000  2.090770E-02
   4.50000  2.047719E-02
   4.52000  2.005769E-02
   4.54000  1.964888E-02
   4.56000  1.925045E-02
   4.58000  1.886209E-02
   4.60000  1.848349E-02
   4.62000  1.811437E-02
   4.64000  1.775446E-02
   4.66000  1.740346E-02
   4.68000  1.706115E-02
   4.70000  1.672726E-02
   4.72000  1.640153E-02
   4.74000  1.608375E-02
   4.76000  1.577368E-02
   4.78000  1.547110E-02
   4.80000  1.517579E-02
   4.82000  1.488755E-02
   4.84000  1.460618E-02
   4.86000  1.433148E-02
   4.88000  1.406326E-02
   4.90000  1.380135E-02
   4.92000  1.354557E-02
   4.94000  1.329574E-02
   4.96000  1.305171E-02
   4.98000  1.281331E-02
   5.00000  1.258039E-02
   5.02000  1.235280E-02
   5.04000  1.213038E-02
   5.06000  1.191301E-02
   5.08000  1.170054E-02
   5.10000  1.149284E-02
   5.12000  1.128979E-02
   5.14000  1.109126E-02
   5.16000  1.089713E-02
   5.18000  1.070728E-02
   5.20000  1.052160E-02
   5.22000  1.033998E-02
   5.24000  1.016232E-02
   5.26000  9.988504E-03
   5.28000  9.818437E-03
   5.30000  9.652028E-03
   5.32000  9.489177E-03
   5.34000  9.329791E-03
   5.36000  9.173789E-03
   5.38000  9.021072E-03
   5.40000  8.871573E-03
   5.42000  8.725201E-03
   5.44000  8.581876E-03
   5.46000  8.441527E-03
   5.48000  8.304081E-03
   5.50000  8.169454E-03
   5.52000  8.037590E-03
   5.54000  7.908413E-03
   5.56000  7.781861E-03
   5.58000  7.657866E-03
   5.60000  7.536368E-03
   5.62000  7.417309E-03
   5.64000  7.300623E-03
   5.66000  7.186262E-03
   5.68000  7.074163E-03
   5.70000  6.964275E-03
   5.72000  6.856542E-03
   5.74000  6.750920E-03
   5.76000  6.647355E-03
   5.78000  6.545800E-03
   5.80000  6.446202E-03
   5.82000  6.348525E-03
   5.84000  6.252719E-03
   5.86000  6.158741E-03
   5.88000  6.066549E-03
   5.90000  5.976099E-03
   5.92000  5.887357E-03
   5.94000  5.800284E-03
   5.96000  5.714839E-03
   5.98000  5.630982E-03
   6.00000  5.548687E-03
   6.02000  5.467913E-03
   6.04000  5.388624E-03
   6.06000  5.310788E-03
   6.08000  5.234377E-03
   6.10000  5.159354E-03
   6.12000  5.085697E-03
   6.14000  5.013365E-03
   6.16000  4.942336E-03
   6.18000  4.872578E-03
   6.20000  4.804070E-03
   6.22000  4.736778E-03
   6.24000  4.670679E-03
   6.26000  4.605745E-03
   6.28000  4.541954E-03
   6.30000  4.479282E-03
   6.32000  4.417703E-03
   6.34000  4.357196E-03
   6.36000  4.297735E-03
   6.38000  4.239304E-03
   6.40000  4.181874E-03
   6.42000  4.125430E-03
   6.44000  4.069949E-03
   6.46000  4.015416E-03
   6.48000  3.961802E-03
   6.50000  3.909099E-03
   6.52000  3.857277E-03
   6.54000  3.806329E-03
   6.56000  3.756229E-03
   6.58000  3.706964E-03
   6.60000  3.658516E-03
   6.62000  3.610871E-03
   6.64000  3.564010E-03
   6.66000  3.517919E-03
   6.68000  3.472579E-03
   6.70000  3.427982E-03
   6.72000  3.384107E-03
   6.74000  3.340944E-03
   6.76000  3.298477E-03
   6.78000  3.256692E-03
   6.80000  3.215576E-03
   6.82000  3.175119E-03
   6.84000  3.135304E-03
   6.86000  3.096121E-03
   6.88000  3.057558E-03
   6.90000  3.019600E-03
   6.92000  2.982240E-03
   6.94000  2.945463E-03
   6.96000  2.909262E-03
   6.98000  2.873622E-03
   7.00000  2.838537E-03
   7.02000  2.803990E-03
   7.04000  2.769977E-03
   7.06000  2.736487E-03
   7.08000  2.703506E-03
   7.10000  2.671030E-03
   7.12000  2.639045E-03
   7.14000  2.607547E-03
   7.16000  2.576522E-03
   7.18000  2.545967E-03
   7.20000  2.515868E-03
   7.22000  2.486218E-03
   7.24000  2.457011E-03
   7.26000  2.428238E-03
   7.28000  2.399889E-03
   7.30000  2.371961E-03
   7.32000  2.344443E-03
   7.34000  2.317328E-03
   7.36000  2.290611E-03
   7.38000  2.264285E-03
   7.40000  2.238341E-03
   7.42000  2.212772E-03
   7.44000  2.187570E-03
   7.46000  2.162733E-03
   7.48000  2.138250E-03
   7.50000  2.114122E-03
   7.52000  2.090334E-03
   7.54000  2.066889E-03
   7.56000  2.043773E-03
   7.58000  2.020983E-03
   7.60000  1.998515E-03
   7.62000  1.976364E-03
   7.64000  1.954524E-03
   7.66000  1.932987E-03
   7.68000  1.911752E-03
   7.70000  1.890812E-03
   7.72000  1.870159E-03
   7.74000  1.849795E-03
   7.76000  1.829708E-03
   7.78000  1.809900E-03
   7.80000  1.790361E-03
   7.82000  1.771089E-03
   7.84000  1.752078E-03
   7.86000  1.733327E-03
   7.88000  1.714829E-03
   7.90000  1.696578E-03
   7.92000  1.678576E-03
   7.94000  1.660815E-03
   7.96000  1.643289E-03
   7.98000  1.625999E-03
   8.00000  1.608938E-03
   8.02000  1.592103E-03
   8.04000  1.575493E-03
   8.06000  1.559101E-03
   8.08000  1.542920E-03
   8.10000  1.526956E-03
   8.12000  1.511200E-03
   8.14000  1.495648E-03
   8.16000  1.480301E-03
   8.18000  1.465152E-03
   8.20000  1.450198E-03
   8.22000  1.435437E-03
   8.24000  1.420866E-03
   8.26000  1.406483E-03
   8.28000  1.392283E-03
   8.30000  1.378263E-03
   8.32000  1.364424E-03
   8.34000  1.350760E-03
   8.36000  1.337267E-03
   8.38000  1.323946E-03
   8.40000  1.310792E-03
   8.42000  1.297803E-03
   8.44000  1.284978E-03
   8.46000  1.272310E-03
   8.48000  1.259804E-03
   8.50000  1.247451E-03
   8.52000  1.235251E-03
   8.54000  1.223203E-03
   8.56000  1.211301E-03
   8.58000  1.199548E-03
   8.60000  1.187939E-03
   8.62000  1.176470E-03
   8.64000  1.165141E-03
   8.66000  1.153951E-03
   8.68000  1.142897E-03
   8.70000  1.131976E-03
   8.72000  1.121188E-03
   8.74000  1.110528E-03
   8.76000  1.099996E-03
   8.78000  1.089591E-03
   8.80000  1.079311E-03
   8.82000  1.069155E-03
   8.84000  1.059117E-03
   8.86000  1.049199E-03
   8.88000  1.039399E-03
   8.90000  1.029713E-03
   8.92000  1.020141E-03
   8.94000  1.010683E-03
   8.96000  1.001337E-03
   8.98000  9.920972E-04
   9.00000  9.829680E-04
   9.02000  9.739414E-04
   9.04000  9.650228E-04
   9.06000  9.562051E-04
   9.08000  9.474903E-04
   9.10000  9.388767E-04
   9.12000  9.303599E-04
   9.14000  9.219414E-04
   9.16000  9.136203E-04
   9.18000  9.053946E-04
   9.20000  8.972605E-04
   9.22000  8.892195E-04
   9.24000  8.812679E-04
   9.26000  8.734093E-04
   9.28000  8.656376E-04
   9.30000  8.579521E-04
   9.32000  8.503553E-04
   9.34000  8.428423E-04
   9.36000  8.354124E-04
   9.38000  8.280663E-04
   9.40000  8.208019E-04
   9.42000  8.136160E-04
   9.44000  8.065127E-04
   9.46000  7.994864E-04
   9.48000  7.925358E-04
   9.50000  7.856641E-04
   9.52000  7.788669E-04
   9.54000  7.721427E-04
   9.56000  7.654927E-04
   9.58000  7.589149E-04
   9.60000  7.524102E-04
   9.62000  7.459739E-04
   9.64000  7.396080E-04
   9.66000  7.333094E-04
   9.68000  7.270802E-04
   9.70000  7.209175E-04
   9.72000  7.148205E-04
   9.74000  7.087883E-04
   9.76000  7.028215E-04
   9.78000  6.969177E-04
   9.80000  6.910763E-04
   9.82000  6.852970E-04
   9.84000  6.795785E-04
   9.86000  6.739208E-04
   9.88000  6.683220E-04
   9.90000  6.627814E-04
   9.92000  6.573002E-04
   9.94000  6.518758E-04
   9.96000  6.465073E-04
   9.98000  6.411949E-04
   10.0000  6.359381E-04
