Ni Rho=8.902, Sig=0.nm, P=1., E=17000.eV
 Angle (deg), Reflectivity
   0.000000  1.00000
   2.000000E-02  0.991730
   4.000000E-02  0.983279
   6.000000E-02  0.974367
   8.000000E-02  0.964629
   0.100000  0.953528
   0.120000  0.940158
   0.140000  0.922752
   0.160000  0.897050
   0.180000  0.848090
   0.200000  0.617740
   0.220000  0.180358
   0.240000  8.723682E-02
   0.260000  5.073599E-02
   0.280000  3.248907E-02
   0.300000  2.213181E-02
   0.320000  1.575636E-02
   0.340000  1.160002E-02
   0.360000  8.770370E-03
   0.380000  6.776906E-03
   0.400000  5.332890E-03
   0.420000  4.262315E-03
   0.440000  3.452803E-03
   0.460000  2.830185E-03
   0.480000  2.344141E-03
   0.500000  1.959709E-03
   0.520000  1.652077E-03
   0.540000  1.403301E-03
   0.560000  1.200211E-03
   0.580000  1.032987E-03
   0.600000  8.942082E-04
   0.620000  7.782048E-04
   0.640000  6.805929E-04
   0.660000  5.979525E-04
   0.680000  5.275860E-04
   0.700000  4.673545E-04
   0.720000  4.155408E-04
   0.740000  3.707635E-04
   0.760000  3.318977E-04
   0.780000  2.980279E-04
   0.800000  2.683958E-04
   0.820000  2.423764E-04
   0.840000  2.194530E-04
   0.860000  1.991909E-04
   0.880000  1.812266E-04
   0.900000  1.652519E-04
   0.920000  1.510064E-04
   0.940000  1.382707E-04
   0.960000  1.268560E-04
   0.980000  1.165993E-04
   1.00000  1.073630E-04
   1.02000  9.902707E-05
   1.04000  9.148630E-05
   1.06000  8.465368E-05
   1.08000  7.844935E-05
   1.10000  7.280427E-05
   1.12000  6.765997E-05
   1.14000  6.296366E-05
   1.16000  5.866844E-05
   1.18000  5.473467E-05
   1.20000  5.112630E-05
   1.22000  4.781078E-05
   1.24000  4.476063E-05
   1.26000  4.195080E-05
   1.28000  3.935815E-05
   1.30000  3.696308E-05
   1.32000  3.474867E-05
   1.34000  3.269710E-05
   1.36000  3.079543E-05
   1.38000  2.903039E-05
   1.40000  2.739031E-05
   1.42000  2.586443E-05
   1.44000  2.444365E-05
   1.46000  2.311924E-05
   1.48000  2.188388E-05
   1.50000  2.072991E-05
   1.52000  1.965103E-05
   1.54000  1.864143E-05
   1.56000  1.769598E-05
   1.58000  1.680993E-05
   1.60000  1.597874E-05
   1.62000  1.519830E-05
   1.64000  1.446525E-05
   1.66000  1.377564E-05
   1.68000  1.312698E-05
   1.70000  1.251581E-05
   1.72000  1.194007E-05
   1.74000  1.139711E-05
   1.76000  1.088470E-05
   1.78000  1.040060E-05
   1.80000  9.943200E-06
   1.82000  9.510833E-06
   1.84000  9.101776E-06
   1.86000  8.714360E-06
   1.88000  8.347686E-06
   1.90000  7.999972E-06
   1.92000  7.670023E-06
   1.94000  7.356900E-06
   1.96000  7.059865E-06
   1.98000  6.777501E-06
   2.00000  6.509351E-06
   2.02000  6.254009E-06
   2.04000  6.011267E-06
   2.06000  5.780354E-06
   2.08000  5.560125E-06
   2.10000  5.350417E-06
   2.12000  5.150757E-06
   2.14000  4.959998E-06
   2.16000  4.778210E-06
   2.18000  4.604506E-06
   2.20000  4.438872E-06
   2.22000  4.280298E-06
   2.24000  4.128990E-06
   2.26000  3.984253E-06
   2.28000  3.845773E-06
   2.30000  3.713365E-06
   2.32000  3.586640E-06
   2.34000  3.465198E-06
   2.36000  3.348769E-06
   2.38000  3.237360E-06
   2.40000  3.130457E-06
   2.42000  3.027990E-06
   2.44000  2.929625E-06
   2.46000  2.835230E-06
   2.48000  2.744556E-06
   2.50000  2.657561E-06
   2.52000  2.574016E-06
   2.54000  2.493715E-06
   2.56000  2.416495E-06
   2.58000  2.342218E-06
   2.60000  2.270783E-06
   2.62000  2.202224E-06
   2.64000  2.136121E-06
   2.66000  2.072364E-06
   2.68000  2.011114E-06
   2.70000  1.952031E-06
   2.72000  1.895127E-06
   2.74000  1.840301E-06
   2.76000  1.787428E-06
   2.78000  1.736452E-06
   2.80000  1.687223E-06
   2.82000  1.639826E-06
   2.84000  1.594117E-06
   2.86000  1.549837E-06
   2.88000  1.507166E-06
   2.90000  1.465977E-06
   2.92000  1.426140E-06
   2.94000  1.387664E-06
   2.96000  1.350524E-06
   2.98000  1.314568E-06
   3.00000  1.279825E-06
   3.02000  1.246198E-06
   3.04000  1.213717E-06
   3.06000  1.182183E-06
   3.08000  1.151751E-06
   3.10000  1.122332E-06
   3.12000  1.093742E-06
   3.14000  1.066128E-06
   3.16000  1.039382E-06
   3.18000  1.013431E-06
   3.20000  9.883465E-07
   3.22000  9.639560E-07
   3.24000  9.403763E-07
   3.26000  9.175037E-07
   3.28000  8.953108E-07
   3.30000  8.737713E-07
   3.32000  8.528922E-07
   3.34000  8.326427E-07
   3.36000  8.129767E-07
   3.38000  7.939237E-07
   3.40000  7.753495E-07
   3.42000  7.573743E-07
   3.44000  7.399211E-07
   3.46000  7.229153E-07
   3.48000  7.064483E-07
   3.50000  6.904461E-07
   3.52000  6.748913E-07
   3.54000  6.597673E-07
   3.56000  6.450101E-07
   3.58000  6.307254E-07
   3.60000  6.168481E-07
   3.62000  6.033400E-07
   3.64000  5.901202E-07
   3.66000  5.773562E-07
   3.68000  5.649003E-07
   3.70000  5.528257E-07
   3.72000  5.410357E-07
   3.74000  5.295179E-07
   3.76000  5.183477E-07
   3.78000  5.074666E-07
   3.80000  4.968299E-07
   3.82000  4.865448E-07
   3.84000  4.764803E-07
   3.86000  4.667043E-07
   3.88000  4.571370E-07
   3.90000  4.478733E-07
   3.92000  4.387298E-07
   3.94000  4.299110E-07
   3.96000  4.213342E-07
   3.98000  4.128907E-07
   4.00000  4.047430E-07
   4.02000  3.967459E-07
   4.04000  3.889607E-07
   4.06000  3.812858E-07
   4.08000  3.739029E-07
   4.10000  3.666821E-07
   4.12000  3.596103E-07
   4.14000  3.527169E-07
   4.16000  3.459695E-07
   4.18000  3.394149E-07
   4.20000  3.329871E-07
   4.22000  3.267481E-07
   4.24000  3.206258E-07
   4.26000  3.146487E-07
   4.28000  3.087798E-07
   4.30000  3.031018E-07
   4.32000  2.975225E-07
   4.34000  2.920699E-07
   4.36000  2.867490E-07
   4.38000  2.815798E-07
   4.40000  2.764935E-07
   4.42000  2.715172E-07
   4.44000  2.666676E-07
   4.46000  2.619402E-07
   4.48000  2.572823E-07
   4.50000  2.527586E-07
   4.52000  2.483266E-07
   4.54000  2.439554E-07
   4.56000  2.397070E-07
   4.58000  2.355594E-07
   4.60000  2.314816E-07
   4.62000  2.275254E-07
   4.64000  2.236500E-07
   4.66000  2.198029E-07
   4.68000  2.160748E-07
   4.70000  2.124291E-07
   4.72000  2.088633E-07
   4.74000  2.053647E-07
   4.76000  2.019409E-07
   4.78000  1.986043E-07
   4.80000  1.953125E-07
   4.82000  1.920641E-07
   4.84000  1.889344E-07
   4.86000  1.858574E-07
   4.88000  1.828372E-07
   4.90000  1.798700E-07
   4.92000  1.769731E-07
   4.94000  1.741081E-07
   4.96000  1.713224E-07
   4.98000  1.686006E-07
   5.00000  1.659182E-07
   5.02000  1.633082E-07
   5.04000  1.607219E-07
   5.06000  1.582042E-07
   5.08000  1.557408E-07
   5.10000  1.533087E-07
   5.12000  1.509183E-07
   5.14000  1.486000E-07
   5.16000  1.463069E-07
   5.18000  1.440726E-07
   5.20000  1.418827E-07
   5.22000  1.397053E-07
   5.24000  1.376117E-07
   5.26000  1.355280E-07
   5.28000  1.334836E-07
   5.30000  1.314876E-07
   5.32000  1.295279E-07
   5.34000  1.275941E-07
   5.36000  1.257135E-07
   5.38000  1.238468E-07
   5.40000  1.220398E-07
   5.42000  1.202538E-07
   5.44000  1.184880E-07
   5.46000  1.167684E-07
   5.48000  1.150934E-07
   5.50000  1.134091E-07
   5.52000  1.117934E-07
   5.54000  1.101927E-07
   5.56000  1.086229E-07
   5.58000  1.070666E-07
   5.60000  1.055481E-07
   5.62000  1.040660E-07
   5.64000  1.025861E-07
   5.66000  1.011649E-07
   5.68000  9.974413E-08
   5.70000  9.835585E-08
   5.72000  9.697568E-08
   5.74000  9.564073E-08
   5.76000  9.432660E-08
   5.78000  9.304098E-08
   5.80000  9.175212E-08
   5.82000  9.050409E-08
   5.84000  8.928201E-08
   5.86000  8.807665E-08
   5.88000  8.688733E-08
   5.90000  8.570875E-08
   5.92000  8.455789E-08
   5.94000  8.343362E-08
   5.96000  8.233062E-08
   5.98000  8.121972E-08
   6.00000  8.015338E-08
   6.02000  7.910618E-08
   6.04000  7.806150E-08
   6.06000  7.703493E-08
   6.08000  7.602943E-08
   6.10000  7.503283E-08
   6.12000  7.407488E-08
   6.14000  7.311338E-08
   6.16000  7.217013E-08
   6.18000  7.123365E-08
   6.20000  7.033248E-08
   6.22000  6.943682E-08
   6.24000  6.855672E-08
   6.26000  6.768133E-08
   6.28000  6.682797E-08
   6.30000  6.598844E-08
   6.32000  6.516213E-08
   6.34000  6.434847E-08
   6.36000  6.353734E-08
   6.38000  6.275481E-08
   6.40000  6.196663E-08
   6.42000  6.120376E-08
   6.44000  6.044384E-08
   6.46000  5.971886E-08
   6.48000  5.897781E-08
   6.50000  5.827033E-08
   6.52000  5.754648E-08
   6.54000  5.685489E-08
   6.56000  5.616212E-08
   6.58000  5.548481E-08
   6.60000  5.481407E-08
   6.62000  5.416460E-08
   6.64000  5.351396E-08
   6.66000  5.288352E-08
   6.68000  5.224335E-08
   6.70000  5.163034E-08
   6.72000  5.102152E-08
   6.74000  5.042423E-08
   6.76000  4.983049E-08
   6.78000  4.924748E-08
   6.80000  4.866741E-08
   6.82000  4.811107E-08
   6.84000  4.755041E-08
   6.86000  4.699888E-08
   6.88000  4.646246E-08
   6.90000  4.592102E-08
   6.92000  4.540034E-08
   6.94000  4.487466E-08
   6.96000  4.436930E-08
   6.98000  4.385792E-08
   7.00000  4.337250E-08
   7.02000  4.287403E-08
   7.04000  4.239415E-08
   7.06000  4.192615E-08
   7.08000  4.145100E-08
   7.10000  4.099313E-08
   7.12000  4.052779E-08
   7.14000  4.008505E-08
   7.16000  3.963442E-08
   7.18000  3.920545E-08
   7.20000  3.877404E-08
   7.22000  3.834013E-08
   7.24000  3.792085E-08
   7.26000  3.750432E-08
   7.28000  3.709038E-08
   7.30000  3.668988E-08
   7.32000  3.629137E-08
   7.34000  3.589470E-08
   7.36000  3.551041E-08
   7.38000  3.513802E-08
   7.40000  3.476657E-08
   7.42000  3.439596E-08
   7.44000  3.402606E-08
   7.46000  3.366689E-08
   7.48000  3.329716E-08
   7.50000  3.295834E-08
   7.52000  3.259866E-08
   7.54000  3.226898E-08
   7.56000  3.192799E-08
   7.58000  3.158635E-08
   7.60000  3.125341E-08
   7.62000  3.092880E-08
   7.64000  3.061220E-08
   7.66000  3.029412E-08
   7.68000  2.998358E-08
   7.70000  2.968024E-08
   7.72000  2.936480E-08
   7.74000  2.907511E-08
   7.76000  2.877303E-08
   7.78000  2.848725E-08
   7.80000  2.819747E-08
   7.82000  2.791347E-08
   7.84000  2.762667E-08
   7.86000  2.735355E-08
   7.88000  2.707730E-08
   7.90000  2.679635E-08
   7.92000  2.653783E-08
   7.94000  2.627574E-08
   7.96000  2.600844E-08
   7.98000  2.575308E-08
   8.00000  2.549388E-08
   8.02000  2.523671E-08
   8.04000  2.500170E-08
   8.06000  2.475880E-08
   8.08000  2.449682E-08
   8.10000  2.426007E-08
   8.12000  2.402790E-08
   8.14000  2.378740E-08
   8.16000  2.356741E-08
   8.18000  2.333870E-08
   8.20000  2.311402E-08
   8.22000  2.289134E-08
   8.24000  2.266652E-08
   8.26000  2.245414E-08
   8.28000  2.223918E-08
   8.30000  2.202093E-08
   8.32000  2.181509E-08
   8.34000  2.161229E-08
   8.36000  2.139973E-08
   8.38000  2.120501E-08
   8.40000  2.100029E-08
   8.42000  2.080451E-08
   8.44000  2.061316E-08
   8.46000  2.040967E-08
   8.48000  2.023084E-08
   8.50000  2.003971E-08
   8.52000  1.985230E-08
   8.54000  1.967275E-08
   8.56000  1.948247E-08
   8.58000  1.930789E-08
   8.60000  1.913394E-08
   8.62000  1.895571E-08
   8.64000  1.877785E-08
   8.66000  1.860922E-08
   8.68000  1.844052E-08
   8.70000  1.827292E-08
   8.72000  1.810954E-08
   8.74000  1.794016E-08
   8.76000  1.777170E-08
   8.78000  1.761009E-08
   8.80000  1.745443E-08
   8.82000  1.730508E-08
   8.84000  1.714861E-08
   8.86000  1.699301E-08
   8.88000  1.684792E-08
   8.90000  1.669088E-08
   8.92000  1.653909E-08
   8.94000  1.639260E-08
   8.96000  1.625591E-08
   8.98000  1.610703E-08
   9.00000  1.597494E-08
   9.02000  1.582337E-08
   9.04000  1.569301E-08
   9.06000  1.555027E-08
   9.08000  1.541648E-08
   9.10000  1.528657E-08
   9.12000  1.514905E-08
   9.14000  1.501518E-08
   9.16000  1.488965E-08
   9.18000  1.476734E-08
   9.20000  1.463728E-08
   9.22000  1.451273E-08
   9.24000  1.437991E-08
   9.26000  1.426585E-08
   9.28000  1.414327E-08
   9.30000  1.401714E-08
   9.32000  1.390424E-08
   9.34000  1.378757E-08
   9.36000  1.366635E-08
   9.38000  1.355448E-08
   9.40000  1.344191E-08
   9.42000  1.332139E-08
   9.44000  1.321694E-08
   9.46000  1.310838E-08
   9.48000  1.299081E-08
   9.50000  1.288970E-08
   9.52000  1.278326E-08
   9.54000  1.267260E-08
   9.56000  1.256664E-08
   9.58000  1.246262E-08
   9.60000  1.236670E-08
   9.62000  1.226259E-08
   9.64000  1.216262E-08
   9.66000  1.205817E-08
   9.68000  1.196121E-08
   9.70000  1.186571E-08
   9.72000  1.176775E-08
   9.74000  1.167114E-08
   9.76000  1.158037E-08
   9.78000  1.148683E-08
   9.80000  1.139442E-08
   9.82000  1.130252E-08
   9.84000  1.121162E-08
   9.86000  1.112347E-08
   9.88000  1.103372E-08
   9.90000  1.094073E-08
   9.92000  1.085756E-08
   9.94000  1.077094E-08
   9.96000  1.068251E-08
   9.98000  1.059619E-08
   10.0000  1.051359E-08
